2
3
4
5
5
6
7
8
10
11
13
16
16
17
20
21
21
25
25
26
30
31
34
38
40
41
42
43
45
46
47
48
49
49
50
53
54
55
58
58
59
59
60
64
65
65
69
69
70
70
71
71
73
73
74
74
79
80
80
81
81
81
81
83
85
86
87
89
90
93
93
95
96
97
98
100
101
101
103
104
105
106
106
106
106
107
108
108
108
109
109
113
113
114
117
117
117
119
119
120
121
121
121
122
122
122
126
126
127
127
128
129
130
131
131
132
132
133
133
133
134
137
137
137
137
141
141
141
141
142
143
143
146
146
149
149
149
151
152
152
155
155
156
157
157
157
157
159
161
162
162
162
163
164
164
164
164
164
165
165
167
168
171
174
175
177
179
180
181
183
186
187
187
187
188
189
192
193
194
195
195
196
196
198
198
200
201
201
202
202
203
208
208
210
211
211
212
212
213
213
214
215
215
215
217
219
222
222
223
223
226
226
226
226
228
228
229
231
232
237
238
241
241
242
242
242
243
243
247
247
247
248
249
250
251
251
252
253
253
254
255
255
255
255
256
258
258
260
261
261
262
263
263
264
265
266
266
267
268
268
268
269
269
270
270
272
273
273
276
276
276
276
277
277
277
279
279
279
280
281
281
282
283
285
285
286
286
288
288
288
292
294
296
298
299
299
302
304
305
305
307
307
308
309
311
311
311
312
312
314
315
317
317
318
320
320
320
323
324
325
325
327
328
329
329
329
331
335
336
339
340
341
342
345
346
347
347
347
348
349
350
351
352
353
353
353
355
356
356
357
358
358
360
361
361
362
363
364
366
367
368
369
369
369
371
373
376
376
377
379
381
382
383
384
385
385
385
386
388
388
388
389
390
392
392
394
394
395
395
397
397
397
397
398
398
399
399
400
400
401
402
402
403
404
408
408
409
411
413
416
417
418
419
419
421
421
425
426
426
427
427
427
431
431
432
432
433
434
434
435
437
438
438
441
442
443
444
445
445
449
451
451
453
453
453
457
457
460
460
461
463
465
466
468
470
471
473
473
474
475
476
477
478
480
481
482
482
483
483
483
484
485
485
486
487
488
489
491
494
494
494
494
496
497
497
500
501
501
502
504
504
504
505
505
506
507
508
509
511
512
512
512
512
513
513
513
513
513
515
515
515
516
518
520
521
523
524
525
525
527
529
529
532
532
533
533
535
537
539
540
540
543
545
545
546
546
550
550
550
550
551
553
554
554
555
555
558
560
561
561
562
562
562
562
563
564
564
565
565
567
568
572
572
574
575
575
576
577
578
578
579
579
579
580
584
586
586
587
588
588
588
589
589
591
592
597
600
601
601
603
604
604
604
605
605
605
606
607
607
608
608
610
611
611
611
613
618
619
619
620
623
623
623
623
623
625
625
627
627
628
628
629
629
630
630
632
633
633
633
633
635
635
635
636
637
637
638
638
638
638
638
640
641
641
643
645
645
645
645
646
649
649
650
650
650
652
654
655
657
657
657
657
659
659
660
661
661
662
666
668
668
670
671
671
671
671
674
675
682
682
683
683
684
684
685
686
686
687
687
688
688
689
691
692
692
692
692
693
693
693
694
695
695
696
698
698
698
699
700
701
701
702
702
703
703
705
705
707
708
709
711
711
711
712
713
714
715
715
715
716
716
717
720
720
720
721
723
724
729
737
739
739
740
741
743
743
745
745
746
747
748
749
751
753
754
754
755
755
756
757
757
757
758
759
759
760
760
761
765
765
769
771
774
774
775
779
779
782
783
784
784
788
789
790
790
792
793
794
795
796
796
797
801
803
804
805
805
805
805
806
807
807
808
809
810
810
814
814
814
815
816
818
821
821
822
823
825
826
826
826
827
829
831
833
835
835
836
837
837
838
839
840
841
841
841
842
844
845
845
845
845
847
847
848
850
850
851
852
852
852
853
853
853
855
856
857
857
857
862
864
864
866
866
867
868
868
869
870
871
871
872
872
872
874
874
877
877
878
880
882
883
885
886
886
886
887
889
889
893
893
893
893
895
895
896
898
899
899
903
903
906
906
906
906
907
912
913
915
916
917
918
918
920
921
922
922
926
927
927
929
931
932
932
933
933
935
935
938
938
938
939
939
942
943
943
943
947
950
950
951
951
952
953
953
954
955
956
956
957
958
958
958
958
959
959
960
963
964
965
965
966
968
968
968
969
970
972
975
975
976
977
977
977
977
978
978
980
981
986
986
987
988
988
989
990
990
992
994
994
994
994
994
995
996
997
997
998
998
999
1000
1002
1003
1003
1004
1005
1007
1007
1007
1008
1008
1011
1011
1011
1012
1013
1013
1013
1017
1017
1018
1020
1021
1023
1024
1026
1027
1028
1029
1030
1030
1031
1032
1032
1033
1034
1035
1035
1036
1036
1037
1038
1038
1041
1042
1043
1046
1047
1047
1048
1048
1048
1051
1051
1052
1052
1055
1056
1058
1060
1060
1061
1063
1064
1064
1065
1065
1066
1066
1067
1069
1070
1071
1071
1074
1076
1077
1077
1078
1080
1081
1081
1083
1084
1086
1086
1089
1090
1092
1092
1096
1097
1097
1097
1098
1099
1101
1105
1105
1106
1106
1108
1108
1110
1112
1113
1116
1117
1117
1118
1118
1119
1119
1119
1121
1126
1127
1128
1129
1130
1130
1130
1131
1132
1132
1133
1133
1134
1134
1135
1135
1135
1136
1136
1136
1138
1141
1141
1142
1142
1142
1145
1145
1145
1147
1147
1148
1149
1149
1149
1152
1152
1152
1153
1154
1156
1158
1158
1159
1159
1159
1160
1160
1161
1163
1164
1165
1166
1167
1171
1171
1171
1175
1176
1177
1177
1178
1178
1178
1179
1179
1179
1181
1181
1183
1184
1185
1185
1187
1187
1188
1189
1191
1194
1195
1196
1198
1198
1199
1200
1201
1204
1204
1207
1207
1208
1208
1208
1209
1211
1213
1214
1215
1217
1218
1219
1221
1222
1222
1224
1225
1225
1227
1232
1232
1233
1236
1238
1241
1244
1247
1248
1249
1249
1250
1252
1254
1256
1256
1258
1259
1259
1260
1261
1262
1264
1264
1265
1266
1266
1268
1271
1271
1275
1280
1281
1281
1282
1283
1284
1284
1285
1286
1287
1287
1288
1289
1292
1292
1292
1293
1294
1295
1296
1298
1298
1299
1299
1299
1299
1300
1304
1306
1307
1307
1309
1311
1312
1313
1313
1313
1314
1314
1315
1319
1320
1320
1320
1322
1324
1326
1327
1328
1328
1328
1329
1330
1331
1332
1332
1334
1338
1338
1339
1343
1344
1345
1345
1346
1346
1346
1349
1350
1351
1351
1355
1356
1356
1358
1359
1359
1359
1361
1362
1363
1364
1365
1366
1366
1367
1368
1368
1369
1370
1370
1372
1372
1374
1375
1376
1376
1376
1376
1377
1377
1377
1377
1378
1379
1380
1381
1381
1381
1382
1382
1383
1385
1386
1387
1388
1388
1390
1391
1391
1392
1393
1393
1393
1394
1394
1396
1397
1397
1397
1397
1398
1399
1401
1402
1402
1403
1403
1405
1407
1409
1411
1413
1415
1415
1416
1417
1420
1421
1422
1422
1423
1423
1425
1425
1429
1429
1431
1431
1433
1433
1434
1437
1438
1438
1438
1439
1441
1441
1443
1444
1446
1447
1447
1452
1453
1453
1453
1453
1455
1459
1461
1461
1462
1463
1463
1464
1466
1468
1469
1470
1472
1473
1474
1475
1476
1477
1478
1478
1478
1483
1483
1485
1486
1487
1487
1487
1488
1488
1490
1491
1493
1494
1494
1495
1498
1500
1500
1503
1505
1505
1505
1505
1507
1507
1508
1512
1512
1512
1513
1513
1513
1513
1513
1514
1515
1517
1517
1517
1517
1517
1518
1518
1519
1520
1520
1522
1524
1525
1525
1525
1529
1529
1529
1529
1529
1530
1530
1532
1532
1532
1533
1533
1536
1536
1537
1539
1540
1540
1540
1543
1545
1545
1546
1546
1548
1550
1551
1551
1552
1553
1553
1553
1554
1554
1554
1556
1557
1558
1558
1558
1559
1559
1559
1559
1559
1560
1561
1563
1564
1568
1570
1571
1573
1573
1573
1574
1574
1576
1576
1577
1577
1579
1579
1582
1582
1583
1585
1587
1588
1588
1589
1592
1595
1596
1597
1600
1601
1604
1606
1607
1607
1610
1610
1611
1612
1613
1613
1613
1615
1615
1616
1620
1620
1621
1622
1626
1628
1628
1628
1628
1629
1633
1633
1634
1636
1636
1638
1640
1640
1642
1642
1642
1642
1643
1644
1645
1646
1646
1648
1650
1650
1651
1651
1651
1651
1651
1652
1653
1653
1653
1654
1655
1657
1658
1661
1662
1662
1663
1664
1665
1666
1669
1669
1670
1671
1671
1671
1672
1672
1675
1675
1679
1680
1680
1681
1682
1683
1684
1684
1684
1685
1685
1685
1686
1687
1690
1691
1692
1693
1695
1696
1696
1697
1697
1697
1698
1699
1699
1699
1700
1700
1701
1703
1703
1703
1706
1707
1708
1709
1710
1711
1711
1713
1716
1716
1717
1717
1718
1719
1719
1722
1722
1723
1724
1724
1726
1727
1728
1728
1729
1729
1731
1732
1732
1732
1733
1733
1736
1737
1741
1742
1742
1743
1743
1743
1743
1745
1745
1746
1748
1750
1750
1750
1751
1752
1752
1753
1755
1756
1756
1757
1759
1764
1764
1764
1764
1765
1766
1766
1766
1767
1767
1768
1769
1770
1771
1771
1773
1773
1773
1775
1776
1779
1779
1779
1780
1780
1781
1781
1781
1782
1783
1784
1785
1786
1786
1786
1787
1787
1789
1789
1789
1789
1791
1791
1792
1793
1794
1795
1795
1796
1798
1798
1799
1799
1800
1800
1801
1801
1802
1803
1804
1804
1806
1807
1809
1810
1810
1811
1811
1811
1811
1812
1812
1814
1816
1816
1816
1817
1818
1818
1818
1819
1819
1820
1820
1821
1821
1822
1822
1823
1823
1824
1825
1826
1827
1827
1828
1828
1830
1831
1832
1832
1832
1834
1834
1835
1835
1835
1836
1837
1838
1840
1844
1844
1845
1846
1847
1850
1850
1851
1852
1854
1854
1855
1858
1858
1859
1859
1860
1860
1861
1862
1863
1864
1866
1866
1866
1871
1871
1873
1873
1873
1873
1874
1875
1875
1875
1876
1876
1877
1878
1879
1882
1883
1884
1885
1886
1886
1886
1887
1887
1887
1888
1888
1889
1890
1891
1891
1892
1892
1892
1892
1894
1895
1895
1896
1896
1896
1897
1898
1898
1899
1900
1900
1901
1901
1903
1905
1906
1906
1908
1909
1910
1915
1917
1917
1919
1919
1920
1920
1920
1920
1920
1921
1921
1922
1922
1923
1923
1923
1924
1924
1925
1926
1927
1928
1928
1932
1933
1933
1935
1936
1939
1939
1940
1941
1941
1941
1943
1943
1943
1944
1946
1947
1947
1948
1949
1949
1953
1954
1955
1955
1957
1958
1958
1959
1961
1961
1962
1963
1963
1963
1963
1964
1965
1965
1965
1966
1967
1967
1969
1971
1972
1972
1973
1973
1974
1975
1975
1975
1975
1976
1977
1979
1979
1981
1981
1981
1981
1982
1982
1983
1984
1985
1986
1987
1987
1988
1988
1989
1991
1992
1993
1996
1996
1997
1997
1998
2000
2001
2003
2004
2004
2004
2004
2005
2006
2007
2008
2008
2009
2010
2010
2011
2011
2012
2014
2015
2016
2017
2017
2018
2019
2019
2019
2021
2024
2025
2025
2027
2027
2028
2028
2028
2029
2029
2034
2035
2036
2039
2041
2042
2042
2043
2043
2043
2044
2045
2045
2046
2049
2051
2052
2054
2054
2057
2058
2060
2060
2061
2062
2063
2063
2064
2065
2069
2069
2071
2072
2073
2074
2074
2076
2076
2076
2077
2079
2081
2082
2084
2086
2089
2089
2089
2090
2090
2094
2095
2095
2096
2098
2098
2101
2102
2106
2107
2107
2108
2108
2110
2112
2112
2113
2115
2116
2117
2117
2119
2120
2121
2121
2122
2123
2123
2124
2125
2130
2131
2132
2133
2133
2134
2134
2135
2136
2136
2139
2140
2142
2145
2147
2149
2149
2150
2150
2150
2153
2154
2154
2155
2157
2158
2158
2158
2159
2159
2159
2161
2161
2163
2163
2164
2165
2166
2169
2169
2169
2170
2171
2171
2171
2171
2172
2173
2174
2175
2178
2178
2179
2180
2181
2181
2182
2184
2185
2186
2186
2186
2187
2189
2189
2189
2190
2190
2190
2193
2194
2194
2195
2196
2198
2198
2199
2199
2200
2203
2204
2205
2205
2205
2205
2207
2207
2208
2208
2210
2211
2211
2211
2213
2213
2213
2214
2214
2214
2215
2217
2220
2220
2221
2221
2222
2222
2223
2224
2224
2228
2229
2229
2230
2232
2232
2233
2234
2236
2238
2239
2239
2239
2240
2241
2241
2241
2242
2243
2244
2244
2245
2246
2248
2251
2251
2251
2252
2252
2256
2257
2257
2257
2258
2258
2260
2262
2264
2265
2267
2267
2271
2271
2272
2272
2273
2277
2279
2279
2280
2280
2280
2280
2281
2281
2283
2284
2286
2286
2286
2287
2288
2290
2291
2291
2291
2291
2293
2293
2293
2294
2297
2299
2300
2300
2301
2302
2302
2302
2302
2303
2303
2303
2304
2304
2304
2304
2304
2306
2310
2311
2312
2312
2313
2314
2314
2315
2315
2316
2317
2318
2320
2320
2321
2321
2322
2323
2323
2324
2327
2328
2329
2329
2330
2330
2332
2332
2333
2334
2335
2336
2338
2338
2339
2339
2339
2340
2340
2341
2342
2342
2342
2343
2343
2343
2343
2345
2350
2350
2350
2351
2353
2353
2355
2355
2356
2357
2360
2363
2363
2364
2365
2366
2367
2369
2369
2371
2372
2372
2374
2375
2376
2379
2380
2381
2383
2384
2387
2388
2389
2390
2390
2390
2390
2393
2393
2395
2395
2395
2396
2396
2398
2400
2400
2403
2403
2404
2404
2405
2405
2406
2408
2411
2411
2411
2412
2412
2413
2413
2416
2419
2419
2419
2423
2423
2424
2425
2425
2426
2426
2429
2431
2431
2434
2436
2439
2440
2441
2443
2444
2445
2445
2445
2445
2449
2451
2453
2453
2455
2455
2456
2456
2457
2457
2458
2458
2459
2459
2460
2462
2462
2463
2464
2467
2469
2471
2475
2478
2480
2480
2481
2482
2483
2483
2484
2484
2485
2485
2487
2487
2487
2488
2490
2490
2490
2491
2491
2491
2491
2492
2493
2493
2494
2495
2497
2500
2500
2501
2501
2503
2503
2505
2506
2507
2509
2509
2510
2510
2510
2511
2513
2514
2519
2520
2520
2523
2524
2525
2526
2528
2529
2530
2530
2531
2531
2532
2532
2534
2536
2537
2537
2538
2538
2538
2539
2539
2539
2540
2542
2543
2544
2544
2546
2547
2547
2548
2548
2549
2549
2551
2552
2553
2555
2556
2556
2556
2556
2557
2558
2560
2564
2567
2567
2568
2569
2570
2570
2570
2571
2575
2575
2576
2578
2578
2579
2585
2585
2588
2588
2588
2589
2589
2590
2592
2592
2593
2595
2596
2596
2596
2596
2599
2599
2600
2602
2602
2604
2606
2607
2607
2607
2608
2609
2610
2612
2613
2615
2615
2615
2615
2616
2616
2617
2618
2618
2618
2620
2620
2622
2624
2624
2625
2626
2626
2626
2628
2629
2632
2635
2635
2635
2635
2638
2639
2639
2641
2641
2642
2643
2643
2645
2646
2647
2648
2649
2650
2652
2655
2656
2656
2660
2661
2665
2670
2670
2671
2671
2672
2673
2673
2673
2674
2674
2676
2677
2677
2679
2681
2682
2682
2686
2687
2687
2688
2691
2692
2692
2693
2693
2694
2694
2695
2695
2696
2697
2697
2698
2698
2701
2704
2704
2705
2705
2706
2706
2707
2710
2711
2711
2711
2713
2714
2716
2716
2717
2718
2720
2722
2722
2723
2723
2727
2727
2728
2729
2730
2730
2730
2731
2731
2735
2736
2737
2739
2739
2739
2739
2740
2743
2744
2745
2747
2748
2749
2750
2752
2753
2753
2754
2754
2755
2756
2757
2759
2760
2762
2762
2765
2767
2768
2769
2770
2773
2773
2776
2777
2779
2780
2782
2782
2784
2785
2786
2786
2788
2789
2789
2791
2793
2794
2795
2795
2795
2797
2797
2799
2801
2803
2804
2804
2805
2806
2807
2807
2808
2809
2810
2811
2812
2813
2813
2815
2815
2816
2817
2817
2817
2818
2819
2819
2820
2820
2821
2822
2825
2825
2825
2825
2825
2825
2829
2833
2834
2836
2837
2837
2839
2840
2841
2842
2843
2843
2843
2844
2845
2849
2850
2851
2852
2853
2853
2855
2860
2861
2862
2863
2864
2865
2865
2868
2868
2868
2869
2871
2871
2872
2874
2876
2877
2877
2877
2878
2883
2885
2885
2886
2886
2888
2889
2892
2893
2895
2895
2895
2895
2896
2897
2898
2899
2900
2900
2902
2903
2905
2906
2907
2908
2909
2909
2909
2910
2912
2912
2913
2915
2915
2915
2916
2918
2918
2919
2919
2919
2920
2921
2922
2927
2927
2930
2930
2933
2935
2937
2937
2940
2940
2941
2943
2943
2944
2947
2947
2947
2947
2947
2948
2949
2949
2951
2953
2956
2956
2956
2956
2956
2957
2957
2958
2958
2959
2960
2961
2962
2964
2965
2966
2970
2971
2971
2972
2972
2973
2973
2974
2975
2975
2975
2976
2976
2977
2978
2980
2980
2980
2982
2982
2985
2986
2987
2987
2987
2989
2992
2992
2992
2993
2993
2994
2996
2996
2998
2998
2999
3000
3001
3001
3002
3002
3003
3005
3005
3006
3007
3008
3008
3011
3012
3014
3016
3017
3017
3017
3017
3017
3018
3018
3018
3019
3021
3022
3023
3023
3024
3025
3025
3027
3029
3029
3030
3031
3032
3033
3033
3035
3037
3038
3039
3039
3040
3040
3042
3044
3045
3045
3047
3049
3051
3057
3057
3059
3059
3060
3061
3061
3062
3063
3063
3064
3065
3065
3069
3070
3071
3071
3071
3072
3074
3074
3077
3078
3081
3082
3083
3083
3083
3084
3086
3087
3089
3089
3090
3090
3092
3092
3093
3094
3096
3100
3100
3102
3103
3103
3104
3104
3105
3105
3106
3106
3106
3106
3107
3108
3111
3111
3112
3113
3114
3116
3118
3118
3120
3123
3123
3126
3126
3126
3127
3127
3127
3130
3130
3130
3131
3133
3133
3134
3135
3136
3137
3139
3140
3140
3143
3144
3146
3149
3150
3150
3152
3154
3155
3155
3156
3157
3157
3158
3158
3161
3161
3161
3161
3162
3162
3162
3165
3166
3166
3168
3169
3170
3171
3173
3174
3174
3176
3176
3177
3179
3180
3181
3181
3183
3183
3185
3185
3186
3186
3186
3186
3187
3187
3188
3188
3189
3189
3189
3190
3191
3192
3194
3194
3194
3195
3195
3197
3197
3198
3199
3201
3202
3203
3203
3203
3205
3206
3206
3207
3207
3207
3209
3210
3211
3211
3211
3212
3213
3213
3214
3215
3216
3216
3217
3218
3220
3220
3222
3223
3224
3224
3225
3225
3228
3235
3237
3238
3238
3239
3240
3244
3244
3245
3249
3250
3251
3251
3252
3254
3254
3256
3257
3258
3260
3261
3261
3261
3261
3262
3263
3265
3266
3267
3267
3267
3268
3270
3272
3272
3275
3276
3276
3276
3278
3278
3279
3280
3282
3282
3283
3285
3287
3287
3287
3288
3288
3288
3292
3292
3294
3299
3301
3302
3302
3303
3304
3307
3307
3308
3309
3310
3311
3312
3314
3314
3314
3316
3316
3316
3317
3318
3320
3321
3322
3322
3323
3323
3323
3326
3327
3327
3327
3328
3329
3331
3333
3335
3335
3336
3336
3337
3339
3340
3340
3340
3341
3341
3341
3342
3343
3343
3344
3344
3347
3350
3350
3354
3355
3358
3359
3359
3360
3361
3362
3363
3367
3367
3367
3368
3369
3369
3371
3374
3374
3376
3376
3376
3379
3379
3380
3380
3381
3381
3382
3383
3383
3386
3387
3389
3391
3391
3392
3393
3394
3394
3394
3395
3395
3396
3398
3398
3398
3399
3400
3403
3404
3404
3405
3406
3407
3407
3407
3408
3410
3410
3413
3414
3414
3414
3415
3415
3415
3416
3416
3416
3417
3419
3419
3420
3422
3426
3427
3429
3429
3430
3430
3431
3433
3434
3438
3439
3439
3441
3441
3442
3443
3444
3444
3444
3444
3446
3447
3448
3449
3449
3451
3451
3453
3453
3453
3454
3455
3455
3455
3455
3456
3457
3457
3457
3458
3458
3458
3461
3463
3463
3463
3463
3464
3466
3466
3466
3467
3468
3471
3471
3473
3473
3476
3476
3477
3478
3478
3480
3480
3482
3485
3486
3490
3493
3494
3497
3497
3497
3499
3500
3501
3501
3502
3503
3504
3504
3508
3509
3510
3511
3512
3513
3514
3516
3517
3518
3521
3522
3522
3523
3528
3528
3528
3529
3529
3529
3530
3532
3533
3534
3534
3534
3534
3534
3534
3535
3539
3540
3542
3543
3543
3543
3544
3547
3547
3550
3551
3551
3552
3554
3556
3557
3557
3558
3558
3558
3558
3560
3561
3562
3562
3564
3564
3565
3565
3565
3567
3568
3569
3569
3570
3571
3572
3573
3576
3577
3578
3578
3579
3579
3580
3580
3581
3582
3582
3583
3585
3586
3587
3587
3588
3588
3591
3592
3593
3594
3595
3596
3597
3601
3602
3604
3604
3605
3605
3606
3606
3606
3608
3609
3610
3610
3612
3613
3613
3617
3619
3620
3620
3621
3623
3624
3624
3624
3624
3625
3625
3630
3633
3633
3634
3634
3634
3635
3638
3638
3639
3639
3640
3640
3641
3642
3643
3644
3644
3645
3645
3646
3648
3648
3650
3651
3651
3651
3652
3653
3654
3654
3655
3656
3657
3658
3661
3662
3662
3662
3663
3664
3665
3666
3666
3669
3670
3670
3673
3674
3677
3677
3677
3683
3683
3684
3685
3687
3688
3689
3691
3691
3691
3691
3694
3694
3694
3696
3697
3697
3699
3702
3703
3703
3704
3705
3705
3709
3710
3712
3713
3713
3714
3714
3715
3715
3715
3717
3718
3718
3719
3719
3720
3723
3723
3724
3725
3726
3726
3728
3730
3731
3732
3732
3733
3733
3735
3737
3739
3740
3741
3742
3742
3743
3744
3745
3746
3747
3748
3750
3751
3751
3752
3753
3754
3754
3754
3754
3756
3758
3761
3761
3761
3761
3761
3761
3762
3762
3764
3766
3766
3766
3766
3767
3767
3768
3769
3770
3771
3775
3776
3777
3782
3783
3784
3785
3787
3787
3788
3788
3788
3789
3790
3791
3791
3793
3794
3796
3801
3802
3802
3804
3806
3807
3808
3809
3812
3813
3814
3815
3816
3817
3817
3819
3821
3821
3822
3823
3823
3825
3827
3827
3829
3833
3835
3836
3836
3838
3839
3840
3840
3840
3841
3842
3842
3844
3845
3845
3848
3849
3850
3850
3851
3851
3851
3853
3853
3855
3858
3861
3862
3862
3866
3866
3869
3869
3872
3874
3875
3876
3877
3877
3879
3879
3881
3882
3882
3884
3885
3885
3885
3886
3886
3887
3889
3890
3892
3894
3895
3897
3898
3900
3901
3901
3901
3902
3902
3903
3903
3904
3904
3905
3906
3906
3907
3907
3908
3909
3909
3909
3911
3912
3914
3916
3916
3919
3919
3921
3921
3922
3923
3923
3924
3924
3925
3925
3926
3928
3930
3932
3934
3935
3936
3936
3937
3939
3939
3941
3941
3941
3944
3944
3944
3945
3945
3946
3946
3947
3949
3949
3950
3951
3952
3954
3954
3956
3957
3958
3959
3962
3964
3964
3965
3966
3966
3967
3967
3969
3969
3970
3971
3972
3973
3974
3976
3976
3977
3978
3979
3979
3980
3981
3981
3983
3983
3984
3986
3986
3988
3990
3990
3993
3993
3993
3994
3995
3998
3998
4000
4002
4002
4004
4004
4004
4006
4006
4007
4007
4008
4008
4011
4013
4013
4016
4018
4019
4020
4021
4023
4025
4026
4027
4028
4028
4030
4031
4031
4034
4036
4038
4039
4039
4041
4041
4042
4043
4043
4044
4045
4048
4048
4049
4050
4050
4050
4053
4054
4055
4056
4057
4059
4059
4062
4062
4062
4063
4063
4064
4064
4065
4066
4066
4066
4068
4070
4073
4073
4074
4075
4076
4079
4080
4081
4083
4083
4083
4087
4088
4088
4090
4093
4098
4100
4100
4101
4102
4103
4103
4103
4104
4104
4104
4105
4108
4109
4110
4111
4112
4113
4114
4116
4118
4118
4119
4119
4120
4122
4123
4125
4125
4125
4126
4126
4127
4127
4129
4131
4131
4133
4133
4135
4136
4137
4138
4139
4139
4139
4140
4140
4144
4144
4144
4145
4145
4147
4151
4152
4153
4154
4156
4156
4158
4160
4160
4162
4163
4164
4164
4165
4165
4166
4166
4168
4171
4172
4173
4173
4174
4174
4174
4175
4176
4177
4177
4178
4179
4179
4179
4180
4181
4181
4181
4182
4183
4184
4184
4184
4187
4188
4188
4189
4190
4192
4192
4193
4193
4193
4194
4194
4196
4197
4198
4199
4199
4199
4200
4202
4205
4206
4206
4206
4207
4208
4208
4209
4210
4213
4213
4213
4214
4215
4215
4215
4216
4216
4221
4223
4224
4225
4225
4225
4226
4226
4227
4230
4230
4231
4232
4232
4234
4235
4236
4237
4237
4239
4239
4239
4241
4242
4243
4245
4247
4249
4250
4250
4251
4253
4255
4255
4255
4256
4257
4259
4259
4259
4260
4261
4261
4262
4263
4263
4263
4264
4264
4268
4269
4269
4272
4272
4273
4273
4276
4277
4277
4278
4279
4279
4280
4280
4282
4283
4283
4283
4284
4284
4284
4285
4286
4286
4288
4289
4291
4292
4293
4293
4294
4295
4295
4296
4296
4298
4300
4302
4303
4304
4304
4305
4306
4307
4311
4311
4314
4315
4317
4319
4319
4320
4320
4321
4322
4323
4323
4324
4325
4325
4325
4326
4332
4333
4333
4334
4336
4336
4338
4339
4340
4342
4343
4345
4345
4345
4346
4346
4347
4347
4348
4349
4350
4350
4351
4351
4351
4353
4353
4354
4355
4357
4359
4359
4360
4365
4366
4366
4366
4368
4369
4370
4370
4370
4370
4370
4375
4378
4379
4380
4381
4384
4385
4387
4388
4389
4389
4391
4391
4391
4392
4394
4395
4395
4397
4399
4399
4401
4401
4402
4402
4402
4402
4404
4406
4407
4408
4409
4412
4412
4413
4414
4415
4416
4416
4416
4417
4417
4420
4423
4423
4424
4424
4425
4426
4429
4430
4431
4432
4434
4434
4435
4436
4437
4439
4441
4442
4442
4445
4445
4446
4446
4446
4448
4448
4449
4449
4452
4453
4453
4453
4455
4455
4455
4455
4456
4456
4457
4459
4460
4460
4461
4462
4463
4463
4465
4467
4467
4469
4469
4470
4473
4474
4475
4475
4477
4478
4478
4479
4480
4481
4482
4484
4485
4485
4486
4488
4490
4491
4492
4492
4492
4492
4492
4495
4497
4497
4498
4499
4500
4503
4503
4503
4505
4505
4506
4507
4507
4509
4510
4510
4510
4512
4512
4513
4514
4515
4515
4516
4517
4518
4519
4519
4522
4523
4524
4525
4526
4527
4531
4531
4533
4533
4534
4534
4535
4535
4537
4538
4539
4540
4543
4543
4544
4544
4544
4544
4545
4545
4546
4547
4548
4548
4550
4551
4552
4553
4555
4556
4557
4558
4559
4559
4559
4563
4563
4564
4567
4567
4567
4568
4569
4570
4570
4571
4571
4571
4572
4573
4573
4573
4573
4576
4577
4578
4579
4583
4585
4585
4587
4588
4589
4591
4592
4593
4594
4594
4596
4596
4598
4598
4599
4599
4600
4601
4601
4602
4602
4602
4604
4604
4604
4605
4605
4608
4611
4613
4614
4616
4617
4617
4617
4617
4618
4619
4619
4620
4621
4621
4622
4622
4624
4625
4625
4625
4626
4629
4629
4629
4630
4631
4634
4635
4635
4635
4636
4637
4639
4639
4639
4640
4641
4641
4642
4642
4643
4643
4643
4645
4647
4652
4654
4654
4655
4655
4656
4657
4658
4660
4661
4661
4662
4662
4665
4669
4670
4671
4672
4674
4675
4679
4679
4683
4686
4687
4688
4689
4690
4691
4692
4692
4693
4693
4693
4695
4695
4697
4699
4700
4701
4702
4702
4702
4703
4706
4706
4708
4708
4709
4709
4710
4712
4713
4715
4715
4716
4716
4719
4721
4722
4723
4723
4726
4726
4731
4731
4732
4732
4732
4733
4737
4739
4740
4740
4742
4742
4743
4743
4743
4745
4746
4748
4748
4749
4749
4749
4749
4750
4751
4752
4753
4755
4755
4758
4759
4760
4761
4762
4762
4763
4764
4766
4766
4768
4770
4770
4771
4771
4772
4774
4775
4775
4775
4775
4775
4775
4775
4776
4777
4777
4781
4782
4782
4783
4785
4786
4786
4787
4787
4787
4790
4791
4792
4792
4792
4793
4795
4796
4797
4797
4798
4798
4800
4800
4803
4804
4805
4807
4807
4808
4809
4809
4812
4813
4815
4815
4817
4818
4818
4819
4819
4821
4821
4822
4823
4824
4824
4824
4830
4831
4832
4832
4833
4838
4838
4839
4840
4842
4842
4842
4845
4846
4847
4847
4847
4849
4849
4850
4851
4852
4852
4856
4858
4858
4858
4860
4860
4861
4862
4863
4864
4865
4867
4868
4869
4870
4870
4871
4871
4871
4871
4872
4872
4873
4874
4875
4875
4876
4877
4877
4881
4882
4882
4885
4887
4888
4888
4889
4890
4890
4891
4892
4892
4893
4894
4895
4896
4896
4897
4898
4899
4899
4900
4901
4901
4908
4910
4911
4911
4913
4913
4913
4913
4914
4914
4917
4919
4919
4920
4920
4923
4923
4924
4926
4927
4928
4928
4930
4932
4932
4932
4933
4933
4933
4935
4936
4936
4937
4939
4940
4942
4942
4942
4943
4944
4944
4948
4950
4952
4954
4955
4955
4957
4957
4957
4961
4962
4963
4964
4965
4966
4966
4969
4971
4972
4972
4972
4973
4975
4975
4976
4976
4976
4979
4980
4982
4986
4986
4986
4987
4988
4990
4991
4991
4993
4995
4997
4998
5001
5001
5002
5002
5003
5004
5004
5004
5005
5006
5006
5007
5008
5012
5012
5014
5015
5015
5018
5019
5020
5022
5024
5024
5025
5026
5027
5028
5028
5030
5030
5032
5032
5034
5035
5036
5037
5037
5037
5037
5038
5038
5039
5040
5040
5045
5045
5045
5046
5046
5046
5046
5048
5048
5048
5049
5049
5050
5053
5053
5054
5054
5055
5055
5057
5058
5059
5059
5059
5061
5062
5062
5064
5064
5066
5066
5068
5068
5069
5069
5071
5071
5072
5073
5073
5074
5074
5077
5078
5079
5080
5081
5082
5086
5089
5092
5092
5092
5093
5097
5097
5097
5097
5101
5102
5102
5102
5102
5105
5105
5105
5106
5106
5106
5107
5107
5107
5108
5110
5112
5113
5114
5114
5115
5115
5115
5115
5116
5117
5119
5123
5125
5126
5128
5129
5130
5130
5131
5133
5134
5134
5134
5134
5136
5138
5138
5141
5141
5142
5142
5142
5142
5143
5143
5143
5144
5145
5145
5147
5147
5149
5149
5149
5150
5152
5153
5156
5157
5157
5158
5160
5160
5160
5161
5161
5162
5162
5165
5166
5166
5168
5168
5171
5172
5173
5175
5175
5175
5175
5176
5176
5182
5182
5183
5185
5185
5186
5187
5187
5188
5194
5194
5195
5195
5198
5199
5199
5201
5202
5203
5203
5203
5204
5205
5206
5207
5208
5209
5212
5218
5218
5219
5219
5219
5220
5221
5223
5223
5224
5225
5225
5225
5226
5226
5226
5227
5227
5227
5228
5230
5232
5233
5234
5234
5235
5237
5238
5239
5240
5240
5240
5243
5244
5244
5247
5248
5250
5250
5251
5252
5255
5255
5256
5256
5257
5257
5260
5260
5260
5261
5262
5262
5263
5263
5268
5268
5268
5268
5271
5271
5271
5272
5273
5274
5274
5274
5275
5275
5276
5277
5277
5278
5279
5280
5280
5281
5281
5283
5283
5285
5285
5287
5287
5289
5289
5294
5296
5296
5297
5297
5298
5300
5303
5303
5303
5304
5307
5308
5311
5312
5312
5314
5314
5315
5316
5316
5318
5319
5320
5320
5322
5323
5324
5325
5329
5329
5330
5331
5331
5332
5333
5334
5335
5337
5337
5338
5339
5339
5340
5341
5342
5346
5347
5347
5348
5348
5349
5350
5351
5356
5356
5356
5357
5358
5358
5359
5359
5359
5361
5361
5364
5364
5364
5365
5366
5366
5367
5368
5368
5370
5370
5370
5372
5372
5373
5373
5375
5375
5376
5376
5376
5378
5379
5379
5379
5381
5381
5386
5386
5386
5387
5389
5389
5389
5392
5392
5392
5393
5394
5395
5397
5397
5399
5400
5400
5401
5403
5404
5404
5405
5405
5406
5407
5407
5407
5407
5410
5411
5412
5413
5414
5416
5416
5417
5418
5419
5419
5420
5421
5421
5422
5423
5423
5425
5425
5426
5428
5428
5431
5431
5432
5433
5433
5434
5435
5436
5438
5440
5441
5441
5442
5443
5443
5444
5448
5448
5448
5449
5450
5451
5452
5453
5454
5454
5455
5455
5456
5456
5456
5458
5459
5459
5460
5460
5460
5460
5460
5461
5461
5462
5462
5463
5463
5463
5464
5465
5465
5466
5467
5469
5470
5470
5471
5472
5473
5475
5477
5478
5478
5481
5481
5483
5483
5484
5486
5487
5489
5489
5490
5490
5491
5492
5492
5492
5495
5498
5499
5505
5505
5505
5508
5508
5508
5510
5512
5514
5514
5516
5516
5522
5522
5523
5523
5523
5524
5527
5528
5528
5529
5530
5530
5531
5533
5534
5534
5534
5534
5535
5538
5540
5542
5542
5545
5546
5547
5548
5548
5549
5549
5549
5549
5550
5554
5555
5557
5559
5559
5560
5562
5563
5564
5567
5567
5568
5569
5570
5570
5572
5573
5575
5575
5576
5577
5579
5579
5580
5582
5582
5582
5590
5595
5595
5596
5596
5596
5597
5598
5599
5601
5602
5604
5605
5605
5605
5605
5605
5606
5607
5608
5608
5609
5609
5611
5613
5614
5614
5614
5614
5615
5615
5616
5617
5617
5618
5619
5619
5620
5622
5623
5623
5624
5625
5625
5626
5628
5629
5629
5629
5630
5631
5632
5633
5633
5635
5636
5637
5638
5639
5642
5643
5644
5646
5646
5647
5649
5649
5650
5651
5653
5656
5662
5664
5665
5666
5666
5666
5666
5667
5668
5668
5669
5672
5672
5673
5673
5674
5675
5676
5678
5679
5680
5681
5681
5681
5683
5683
5684
5685
5686
5687
5687
5687
5690
5691
5691
5692
5693
5693
5693
5693
5694
5694
5694
5695
5695
5695
5696
5696
5697
5700
5701
5702
5704
5706
5707
5710
5710
5711
5713
5713
5713
5714
5715
5717
5719
5721
5722
5722
5723
5724
5725
5725
5725
5727
5727
5727
5728
5728
5729
5730
5731
5731
5731
5732
5734
5734
5736
5737
5737
5737
5739
5740
5741
5742
5744
5747
5748
5749
5749
5750
5751
5751
5752
5752
5752
5754
5754
5761
5761
5761
5762
5762
5763
5764
5765
5765
5766
5769
5769
5771
5772
5773
5774
5777
5778
5778
5779
5780
5781
5782
5783
5783
5784
5784
5784
5785
5787
5788
5790
5791
5791
5791
5792
5793
5794
5795
5795
5795
5795
5796
5797
5801
5801
5801
5802
5802
5804
5804
5806
5806
5807
5808
5809
5814
5815
5815
5816
5817
5818
5819
5820
5821
5822
5823
5824
5825
5828
5829
5829
5832
5837
5841
5842
5842
5842
5843
5843
5843
5844
5845
5847
5851
5852
5852
5853
5854
5855
5858
5860
5861
5862
5863
5864
5865
5866
5866
5869
5870
5870
5871
5874
5875
5876
5876
5877
5878
5879
5881
5882
5882
5883
5883
5883
5884
5884
5884
5887
5887
5888
5888
5888
5889
5890
5895
5896
5896
5897
5899
5901
5901
5902
5905
5905
5906
5908
5909
5911
5913
5913
5914
5915
5916
5917
5917
5919
5919
5920
5921
5923
5924
5925
5926
5926
5926
5927
5927
5927
5929
5930
5930
5930
5930
5932
5933
5933
5933
5933
5936
5936
5939
5940
5941
5942
5942
5943
5944
5944
5945
5947
5948
5948
5949
5950
5950
5950
5951
5952
5955
5956
5957
5958
5958
5959
5961
5963
5965
5967
5970
5971
5971
5972
5973
5974
5974
5975
5977
5978
5979
5980
5980
5981
5981
5982
5986
5987
5988
5988
5989
5990
5991
5991
5993
5994
5994
5995
5995
5996
5997
5998
6000
6000
6001
6003
6004
6005
6005
6006
6007
6008
6008
6008
6009
6009
6009
6010
6011
6012
6013
6014
6015
6016
6016
6017
6019
6020
6021
6021
6022
6024
6027
6028
6028
6029
6029
6030
6031
6032
6038
6043
6044
6045
6046
6046
6048
6049
6049
6049
6050
6050
6050
6051
6051
6052
6055
6056
6058
6058
6060
6061
6063
6068
6069
6069
6070
6072
6074
6077
6079
6079
6080
6080
6081
6083
6085
6085
6087
6088
6088
6088
6089
6089
6090
6090
6090
6092
6093
6093
6093
6095
6095
6095
6096
6096
6097
6097
6098
6099
6101
6102
6102
6103
6104
6104
6104
6105
6106
6107
6109
6111
6113
6115
6115
6118
6119
6119
6120
6121
6121
6122
6122
6123
6123
6124
6125
6125
6126
6126
6126
6128
6131
6132
6133
6135
6135
6135
6136
6142
6142
6142
6143
6144
6146
6146
6148
6149
6150
6151
6151
6151
6152
6153
6153
6155
6155
6157
6159
6160
6160
6161
6164
6166
6167
6168
6168
6169
6171
6172
6174
6174
6176
6177
6178
6178
6179
6179
6181
6182
6183
6183
6184
6184
6185
6186
6188
6189
6189
6190
6190
6192
6194
6197
6198
6198
6198
6201
6201
6202
6202
6203
6203
6205
6207
6207
6209
6209
6210
6210
6211
6211
6212
6212
6213
6214
6216
6218
6218
6219
6220
6222
6223
6223
6225
6226
6226
6228
6229
6229
6230
6230
6231
6232
6232
6232
6232
6234
6237
6237
6238
6240
6241
6247
6247
6248
6249
6250
6252
6254
6254
6255
6256
6257
6258
6259
6259
6260
6262
6265
6265
6267
6268
6269
6269
6269
6270
6271
6272
6273
6273
6273
6275
6275
6277
6278
6278
6279
6279
6279
6281
6281
6282
6282
6282
6282
6286
6286
6286
6287
6289
6289
6290
6290
6292
6292
6292
6293
6294
6294
6297
6299
6302
6302
6303
6304
6304
6306
6307
6310
6312
6313
6313
6313
6317
6320
6322
6322
6325
6327
6327
6328
6328
6328
6328
6329
6329
6330
6331
6331
6335
6336
6337
6339
6339
6341
6342
6342
6343
6344
6345
6346
6346
6346
6346
6347
6347
6348
6348
6349
6351
6353
6354
6356
6357
6357
6357
6358
6358
6358
6360
6364
6366
6368
6368
6368
6369
6369
6369
6370
6371
6371
6372
6373
6374
6376
6379
6379
6380
6380
6380
6381
6381
6381
6382
6384
6384
6385
6385
6388
6388
6389
6390
6392
6392
6392
6393
6393
6394
6397
6398
6400
6401
6403
6403
6403
6404
6404
6408
6408
6411
6411
6412
6413
6414
6416
6417
6417
6417
6419
6419
6420
6422
6422
6424
6424
6427
6427
6428
6429
6430
6430
6430
6430
6430
6433
6434
6436
6439
6441
6442
6443
6443
6443
6444
6444
6446
6447
6447
6448
6449
6450
6450
6451
6451
6452
6453
6454
6455
6456
6457
6457
6458
6458
6459
6462
6463
6464
6465
6466
6466
6467
6469
6469
6471
6474
6476
6476
6476
6476
6477
6477
6479
6480
6481
6482
6482
6485
6487
6487
6489
6490
6491
6492
6492
6493
6493
6493
6494
6495
6496
6502
6502
6505
6505
6505
6505
6505
6506
6507
6507
6507
6508
6508
6509
6509
6509
6510
6510
6510
6511
6511
6514
6516
6518
6520
6520
6523
6523
6524
6525
6527
6528
6529
6529
6531
6532
6534
6534
6541
6542
6542
6542
6543
6545
6545
6545
6546
6547
6548
6548
6548
6549
6549
6551
6551
6554
6554
6554
6556
6557
6557
6558
6559
6559
6562
6563
6563
6566
6569
6569
6570
6571
6571
6574
6575
6576
6576
6576
6576
6577
6579
6580
6580
6581
6583
6586
6588
6590
6592
6594
6595
6595
6596
6597
6597
6598
6598
6602
6602
6603
6603
6604
6604
6604
6606
6606
6607
6608
6608
6608
6610
6610
6611
6611
6618
6619
6620
6620
6620
6623
6623
6624
6624
6625
6625
6625
6626
6626
6627
6629
6629
6632
6633
6635
6635
6636
6639
6644
6645
6647
6650
6650
6652
6652
6653
6653
6654
6654
6656
6656
6656
6656
6657
6658
6660
6660
6663
6664
6666
6668
6669
6670
6670
6671
6671
6672
6672
6673
6674
6674
6677
6678
6678
6679
6680
6680
6681
6682
6682
6683
6684
6686
6687
6687
6687
6688
6689
6690
6690
6692
6693
6695
6696
6697
6697
6698
6699
6699
6700
6701
6701
6703
6704
6704
6705
6706
6706
6708
6709
6710
6710
6714
6714
6715
6715
6716
6717
6717
6717
6719
6719
6721
6723
6726
6731
6731
6731
6733
6734
6734
6734
6737
6739
6740
6741
6741
6745
6746
6746
6747
6748
6750
6751
6755
6756
6756
6757
6757
6759
6761
6763
6764
6766
6770
6771
6773
6774
6774
6774
6775
6776
6778
6778
6779
6780
6782
6783
6784
6786
6786
6788
6791
6793
6794
6794
6797
6797
6797
6797
6798
6799
6800
6802
6803
6803
6805
6806
6807
6809
6809
6811
6811
6812
6817
6818
6819
6820
6820
6821
6821
6822
6824
6824
6825
6825
6827
6828
6829
6831
6833
6838
6838
6838
6839
6840
6841
6841
6842
6842
6842
6844
6845
6845
6847
6847
6848
6848
6849
6849
6852
6852
6853
6855
6857
6859
6862
6864
6864
6866
6867
6867
6869
6869
6870
6871
6872
6873
6873
6873
6874
6875
6875
6875
6876
6876
6876
6878
6879
6881
6881
6882
6882
6883
6883
6886
6888
6890
6891
6891
6892
6892
6894
6894
6895
6895
6895
6898
6899
6901
6902
6902
6905
6905
6906
6908
6908
6910
6911
6912
6912
6912
6912
6913
6914
6914
6914
6916
6916
6917
6917
6917
6917
6920
6920
6921
6921
6922
6923
6923
6925
6926
6926
6927
6927
6927
6927
6927
6928
6930
6930
6931
6931
6934
6934
6934
6935
6935
6937
6937
6938
6939
6939
6940
6943
6946
6946
6948
6948
6954
6955
6958
6959
6959
6960
6960
6961
6961
6965
6966
6968
6969
6972
6973
6973
6974
6974
6974
6975
6976
6979
6980
6980
6981
6981
6984
6985
6985
6986
6986
6987
6988
6988
6989
6990
6990
6991
6992
6993
6995
6995
6996
6997
7000
7000
7000
7001
7001
7001
7004
7005
7006
7008
7008
7009
7009
7010
7011
7011
7011
7012
7013
7013
7015
7016
7017
7017
7021
7021
7022
7023
7023
7024
7026
7026
7026
7026
7027
7027
7029
7029
7029
7030
7031
7032
7033
7034
7035
7037
7037
7038
7039
7039
7041
7042
7042
7042
7043
7045
7047
7048
7048
7050
7050
7052
7053
7055
7055
7056
7058
7062
7063
7065
7066
7066
7066
7067
7067
7068
7070
7070
7071
7073
7075
7078
7078
7079
7079
7085
7085
7086
7088
7088
7088
7088
7089
7089
7089
7092
7092
7093
7094
7096
7097
7097
7098
7098
7099
7099
7099
7100
7100
7101
7102
7102
7103
7104
7105
7105
7106
7107
7108
7109
7111
7112
7112
7114
7117
7119
7120
7120
7121
7122
7123
7123
7124
7124
7126
7128
7129
7130
7135
7136
7136
7136
7136
7136
7138
7141
7142
7142
7143
7144
7144
7145
7145
7145
7145
7146
7148
7150
7150
7150
7151
7151
7151
7152
7153
7153
7154
7154
7155
7156
7157
7158
7159
7159
7160
7161
7162
7163
7163
7164
7167
7168
7169
7171
7174
7175
7178
7179
7182
7183
7183
7186
7187
7188
7188
7190
7191
7191
7196
7196
7196
7197
7197
7199
7200
7200
7201
7202
7204
7205
7207
7208
7208
7209
7209
7209
7209
7210
7210
7211
7211
7212
7212
7213
7213
7215
7216
7218
7218
7221
7222
7222
7223
7223
7224
7225
7225
7227
7228
7229
7230
7230
7232
7233
7234
7234
7235
7236
7236
7236
7236
7236
7237
7237
7238
7239
7241
7242
7244
7245
7246
7246
7248
7249
7250
7250
7253
7253
7255
7255
7255
7255
7255
7256
7256
7257
7257
7257
7258
7258
7259
7259
7261
7262
7262
7263
7264
7264
7264
7265
7267
7267
7267
7268
7268
7271
7271
7271
7273
7274
7276
7276
7278
7278
7279
7279
7279
7280
7280
7282
7283
7283
7285
7286
7290
7290
7291
7292
7292
7294
7294
7296
7297
7298
7298
7299
7300
7300
7301
7302
7304
7305
7309
7309
7311
7312
7313
7314
7314
7316
7320
7322
7324
7327
7327
7329
7330
7331
7331
7331
7331
7331
7332
7334
7336
7337
7337
7337
7338
7338
7340
7341
7341
7342
7343
7343
7345
7345
7346
7352
7353
7356
7357
7360
7360
7361
7363
7363
7364
7365
7365
7366
7366
7367
7368
7368
7369
7369
7370
7370
7371
7372
7373
7374
7375
7375
7375
7375
7377
7377
7377
7381
7381
7382
7385
7388
7388
7388
7388
7389
7390
7392
7393
7393
7396
7397
7397
7399
7399
7401
7401
7403
7404
7405
7405
7407
7408
7408
7410
7410
7410
7410
7410
7411
7414
7414
7414
7415
7419
7422
7422
7423
7424
7424
7425
7428
7429
7429
7430
7430
7430
7433
7433
7434
7434
7434
7435
7436
7436
7439
7439
7441
7442
7442
7442
7444
7444
7445
7445
7445
7445
7446
7447
7448
7448
7451
7452
7452
7453
7453
7454
7456
7456
7456
7456
7459
7459
7459
7460
7460
7461
7462
7469
7469
7475
7475
7477
7478
7478
7480
7480
7482
7482
7483
7485
7485
7486
7486
7487
7489
7490
7491
7492
7492
7495
7499
7500
7500
7500
7501
7501
7504
7506
7506
7508
7510
7513
7516
7517
7517
7518
7519
7520
7520
7521
7521
7522
7522
7523
7523
7524
7525
7526
7528
7528
7529
7530
7531
7531
7531
7533
7535
7535
7540
7540
7541
7541
7543
7546
7547
7548
7550
7550
7550
7554
7554
7555
7561
7562
7564
7564
7564
7565
7565
7569
7571
7572
7572
7573
7575
7576
7578
7582
7582
7583
7584
7585
7587
7587
7587
7587
7588
7588
7589
7590
7590
7590
7590
7592
7593
7593
7593
7593
7595
7595
7596
7596
7596
7597
7598
7599
7601
7601
7601
7602
7604
7604
7604
7605
7605
7606
7610
7610
7610
7611
7611
7613
7614
7616
7619
7621
7621
7622
7623
7624
7624
7625
7626
7626
7627
7628
7629
7629
7633
7634
7636
7636
7637
7638
7638
7642
7645
7645
7645
7647
7647
7649
7652
7652
7652
7652
7653
7653
7654
7655
7656
7657
7658
7658
7658
7660
7661
7661
7662
7662
7663
7663
7663
7665
7667
7668
7668
7669
7672
7673
7674
7674
7677
7678
7678
7680
7681
7682
7683
7683
7686
7688
7688
7689
7691
7692
7693
7694
7694
7695
7697
7699
7701
7702
7704
7705
7707
7709
7710
7713
7714
7717
7721
7723
7724
7725
7727
7727
7728
7728
7730
7731
7731
7733
7734
7735
7735
7736
7737
7738
7739
7740
7740
7740
7740
7741
7742
7742
7743
7743
7744
7746
7747
7747
7747
7748
7752
7757
7760
7761
7762
7763
7763
7763
7763
7764
7764
7767
7768
7768
7768
7771
7772
7772
7772
7773
7774
7775
7778
7778
7779
7780
7781
7781
7782
7782
7783
7784
7785
7786
7786
7790
7794
7794
7795
7795
7797
7799
7800
7800
7800
7802
7802
7803
7804
7807
7808
7809
7809
7809
7809
7810
7810
7811
7813
7815
7815
7818
7819
7819
7821
7821
7821
7822
7822
7823
7823
7824
7824
7825
7825
7826
7828
7829
7829
7830
7833
7833
7833
7834
7834
7835
7837
7840
7842
7842
7842
7844
7846
7846
7848
7849
7852
7853
7853
7854
7854
7856
7858
7859
7860
7861
7861
7862
7862
7863
7865
7865
7866
7867
7867
7868
7870
7873
7874
7876
7877
7877
7878
7879
7879
7879
7880
7880
7880
7881
7881
7881
7884
7885
7886
7888
7889
7891
7895
7896
7898
7898
7899
7899
7902
7902
7904
7904
7904
7904
7905
7907
7909
7910
7912
7913
7913
7916
7917
7918
7918
7919
7920
7920
7920
7922
7925
7925
7925
7928
7930
7931
7931
7932
7932
7933
7933
7934
7934
7936
7937
7939
7939
7940
7941
7941
7943
7944
7946
7946
7946
7947
7948
7948
7949
7950
7953
7954
7956
7956
7957
7957
7958
7959
7959
7960
7960
7961
7962
7963
7963
7963
7966
7970
7971
7972
7972
7975
7975
7975
7976
7976
7978
7978
7978
7981
7981
7981
7982
7983
7983
7984
7986
7986
7987
7988
7989
7990
7991
7992
7992
7994
7995
7996
7996
7998
7998
7999
8000
8001
8001
8004
8004
8005
8008
8008
8009
8011
8013
8013
8015
8015
8015
8016
8016
8017
8018
8020
8020
8023
8023
8025
8026
8026
8026
8030
8031
8031
8032
8034
8038
8038
8039
8040
8040
8040
8043
8043
8043
8045
8048
8050
8054
8054
8054
8057
8058
8059
8060
8062
8062
8062
8063
8064
8064
8064
8064
8065
8065
8065
8065
8066
8067
8067
8068
8071
8072
8073
8074
8074
8075
8075
8076
8078
8079
8080
8080
8085
8086
8086
8087
8089
8089
8090
8091
8091
8092
8093
8094
8095
8096
8097
8097
8097
8100
8100
8104
8105
8106
8106
8107
8107
8107
8110
8111
8111
8112
8112
8112
8114
8114
8116
8116
8116
8117
8119
8119
8121
8122
8122
8124
8126
8127
8128
8129
8131
8131
8131
8131
8133
8134
8135
8135
8136
8136
8137
8138
8139
8139
8139
8140
8140
8142
8143
8143
8143
8144
8144
8145
8145
8145
8146
8146
8147
8148
8148
8150
8150
8150
8151
8152
8152
8153
8153
8154
8154
8154
8158
8158
8161
8161
8164
8165
8165
8167
8168
8169
8169
8169
8170
8170
8171
8171
8173
8174
8175
8176
8177
8177
8178
8178
8180
8181
8183
8183
8184
8186
8186
8187
8188
8189
8190
8193
8193
8194
8194
8194
8195
8197
8198
8198
8198
8199
8199
8200
8201
8201
8204
8205
8206
8207
8207
8208
8209
8210
8210
8212
8212
8214
8214
8216
8217
8218
8218
8219
8220
8222
8223
8224
8224
8225
8227
8227
8228
8228
8230
8231
8232
8233
8234
8234
8236
8236
8236
8239
8241
8243
8243
8243
8244
8245
8246
8246
8249
8249
8252
8253
8256
8256
8257
8257
8257
8258
8259
8259
8259
8260
8261
8261
8261
8262
8262
8263
8269
8269
8271
8271
8272
8272
8273
8274
8275
8275
8276
8277
8279
8283
8284
8284
8287
8288
8289
8290
8291
8292
8292
8294
8295
8296
8296
8297
8298
8300
8302
8302
8302
8302
8304
8305
8309
8310
8310
8310
8311
8311
8315
8315
8316
8317
8317
8317
8318
8318
8319
8320
8320
8321
8322
8322
8323
8323
8324
8325
8325
8330
8330
8330
8330
8331
8331
8331
8333
8338
8338
8339
8340
8341
8348
8348
8348
8348
8350
8351
8351
8353
8355
8356
8356
8356
8356
8357
8357
8358
8359
8359
8360
8360
8362
8362
8365
8366
8367
8367
8368
8368
8369
8371
8372
8373
8373
8373
8374
8375
8376
8380
8380
8384
8385
8386
8387
8388
8389
8390
8390
8390
8391
8391
8393
8395
8396
8398
8402
8402
8403
8406
8407
8410
8410
8412
8414
8414
8414
8415
8416
8416
8418
8419
8421
8421
8423
8423
8424
8425
8425
8425
8426
8427
8427
8428
8429
8430
8431
8432
8433
8434
8435
8435
8435
8436
8437
8438
8438
8438
8440
8441
8441
8442
8443
8446
8448
8448
8448
8448
8449
8450
8450
8450
8451
8452
8453
8461
8461
8462
8463
8464
8464
8465
8465
8466
8467
8467
8467
8468
8468
8468
8469
8472
8475
8477
8477
8480
8482
8483
8484
8484
8485
8486
8487
8487
8488
8489
8489
8490
8490
8490
8491
8492
8492
8494
8497
8499
8499
8499
8501
8502
8503
8503
8505
8506
8506
8508
8509
8512
8513
8513
8515
8517
8517
8517
8517
8518
8520
8520
8521
8522
8522
8522
8523
8523
8523
8524
8524
8524
8525
8525
8526
8526
8531
8531
8532
8533
8536
8537
8537
8539
8540
8541
8543
8544
8546
8546
8547
8548
8548
8549
8549
8549
8549
8549
8550
8552
8553
8553
8553
8555
8556
8556
8556
8557
8558
8558
8558
8560
8562
8567
8567
8567
8568
8568
8569
8569
8569
8570
8571
8572
8572
8573
8573
8574
8574
8575
8575
8575
8575
8576
8576
8578
8579
8579
8581
8583
8583
8584
8584
8585
8585
8585
8586
8588
8591
8591
8591
8596
8596
8598
8599
8600
8600
8603
8603
8607
8607
8609
8611
8613
8613
8614
8615
8616
8616
8618
8622
8622
8626
8627
8627
8628
8632
8633
8635
8636
8637
8638
8638
8641
8642
8643
8644
8645
8646
8646
8648
8649
8651
8651
8652
8652
8653
8653
8653
8654
8655
8656
8657
8657
8658
8661
8661
8662
8663
8664
8665
8665
8666
8666
8666
8668
8669
8669
8670
8670
8671
8672
8672
8672
8673
8674
8675
8676
8677
8679
8680
8680
8680
8681
8682
8683
8685
8686
8688
8688
8689
8691
8691
8692
8693
8695
8695
8697
8697
8699
8704
8704
8704
8704
8705
8705
8710
8711
8711
8711
8712
8715
8715
8717
8718
8720
8721
8721
8721
8721
8722
8725
8725
8727
8727
8728
8728
8730
8730
8730
8732
8732
8734
8735
8736
8738
8739
8740
8741
8741
8742
8743
8743
8745
8745
8746
8746
8751
8752
8752
8753
8753
8754
8755
8755
8757
8758
8759
8760
8761
8764
8765
8766
8766
8768
8771
8774
8775
8775
8776
8776
8776
8777
8779
8779
8780
8781
8781
8782
8784
8784
8784
8785
8785
8785
8787
8788
8789
8790
8792
8793
8795
8796
8797
8801
8802
8802
8803
8803
8803
8804
8804
8805
8809
8810
8810
8811
8813
8816
8818
8818
8818
8820
8820
8821
8821
8821
8822
8822
8822
8822
8822
8823
8824
8826
8826
8827
8828
8829
8829
8830
8831
8831
8831
8832
8832
8832
8833
8833
8833
8834
8834
8834
8835
8836
8837
8841
8843
8844
8847
8847
8848
8852
8852
8853
8854
8854
8854
8855
8856
8859
8859
8859
8859
8860
8861
8861
8861
8861
8862
8863
8863
8865
8865
8866
8867
8869
8870
8870
8870
8872
8873
8874
8876
8877
8879
8880
8880
8880
8880
8881
8882
8883
8883
8884
8884
8885
8888
8888
8888
8891
8892
8896
8896
8896
8896
8901
8902
8903
8904
8904
8906
8906
8907
8909
8910
8910
8912
8914
8915
8915
8916
8916
8917
8917
8917
8918
8919
8920
8920
8920
8920
8920
8921
8924
8924
8924
8927
8927
8928
8928
8932
8935
8936
8937
8938
8938
8940
8942
8943
8943
8943
8943
8943
8944
8946
8946
8947
8948
8948
8948
8949
8949
8951
8952
8952
8953
8956
8956
8958
8958
8959
8959
8961
8964
8967
8970
8970
8971
8972
8974
8976
8977
8978
8979
8980
8980
8980
8982
8983
8983
8983
8984
8984
8985
8985
8985
8986
8989
8989
8989
8991
8992
8992
8992
8992
8993
8993
8996
8997
8998
8998
9000
9001
9001
9001
9002
9002
9003
9004
9005
9005
9005
9005
9008
9008
9011
9013
9013
9013
9014
9014
9014
9015
9016
9016
9016
9016
9018
9018
9018
9020
9021
9021
9022
9025
9026
9027
9027
9028
9031
9031
9034
9035
9036
9040
9041
9041
9041
9043
9043
9045
9046
9047
9047
9047
9049
9050
9052
9052
9053
9053
9055
9056
9056
9057
9057
9058
9058
9059
9059
9061
9065
9065
9068
9069
9070
9071
9072
9072
9074
9074
9075
9079
9079
9079
9079
9080
9081
9082
9084
9084
9084
9085
9085
9085
9086
9087
9087
9091
9092
9093
9094
9096
9097
9097
9098
9098
9100
9101
9104
9105
9106
9106
9107
9107
9109
9109
9109
9116
9116
9118
9119
9120
9120
9122
9123
9125
9126
9128
9128
9131
9132
9132
9133
9134
9134
9134
9135
9136
9136
9137
9139
9140
9140
9141
9141
9143
9144
9145
9147
9147
9148
9148
9150
9150
9151
9152
9154
9154
9155
9156
9157
9157
9158
9158
9159
9159
9160
9160
9160
9161
9161
9162
9162
9163
9163
9163
9163
9165
9165
9166
9166
9167
9167
9168
9168
9169
9170
9170
9170
9171
9172
9172
9173
9175
9176
9176
9177
9177
9178
9179
9179
9180
9180
9180
9181
9183
9183
9185
9185
9185
9187
9189
9191
9191
9192
9192
9193
9194
9194
9194
9195
9196
9197
9197
9198
9200
9201
9204
9206
9207
9208
9209
9209
9209
9209
9210
9210
9212
9213
9215
9216
9217
9218
9218
9219
9220
9220
9221
9224
9224
9224
9225
9226
9228
9230
9230
9236
9238
9238
9239
9241
9241
9241
9241
9244
9245
9245
9247
9247
9247
9250
9253
9253
9253
9254
9255
9255
9255
9258
9260
9261
9264
9264
9265
9268
9268
9268
9270
9270
9271
9272
9274
9275
9277
9279
9279
9279
9280
9283
9283
9283
9284
9284
9285
9285
9287
9288
9290
9292
9293
9293
9293
9294
9295
9296
9296
9298
9298
9299
9300
9300
9300
9301
9302
9303
9303
9304
9304
9306
9307
9308
9308
9308
9309
9309
9310
9310
9311
9311
9312
9313
9314
9314
9314
9316
9316
9317
9320
9321
9323
9325
9325
9326
9326
9327
9328
9329
9329
9330
9334
9335
9336
9337
9339
9339
9341
9344
9346
9346
9348
9348
9349
9350
9350
9351
9354
9355
9356
9356
9356
9357
9358
9358
9358
9358
9360
9361
9361
9363
9364
9364
9365
9365
9366
9366
9367
9367
9367
9369
9369
9370
9371
9372
9373
9373
9374
9376
9379
9380
9380
9381
9382
9384
9385
9385
9387
9390
9392
9392
9392
9393
9393
9393
9394
9396
9397
9398
9398
9399
9401
9402
9402
9405
9405
9406
9406
9411
9412
9413
9413
9414
9415
9416
9416
9418
9418
9419
9419
9420
9421
9422
9422
9422
9427
9428
9429
9429
9431
9432
9432
9433
9435
9435
9437
9442
9442
9442
9443
9443
9443
9443
9445
9446
9447
9451
9452
9455
9457
9458
9459
9459
9460
9460
9460
9461
9462
9463
9465
9465
9468
9468
9469
9471
9472
9472
9477
9478
9478
9480
9481
9481
9483
9483
9484
9484
9484
9485
9486
9486
9486
9488
9490
9491
9491
9494
9495
9496
9497
9497
9500
9506
9513
9517
9522
9522
9522
9523
9526
9526
9527
9527
9528
9532
9533
9534
9534
9536
9536
9537
9538
9539
9540
9540
9541
9541
9547
9547
9548
9548
9549
9550
9552
9553
9554
9554
9554
9554
9558
9559
9563
9563
9563
9563
9563
9564
9564
9566
9568
9569
9570
9570
9571
9572
9572
9573
9573
9575
9575
9576
9579
9579
9580
9580
9580
9581
9583
9584
9584
9585
9586
9586
9587
9587
9588
9588
9588
9590
9592
9593
9598
9598
9599
9600
9603
9605
9607
9607
9611
9611
9614
9615
9615
9615
9620
9620
9620
9620
9621
9621
9622
9627
9629
9630
9632
9633
9633
9634
9634
9636
9639
9639
9641
9642
9643
9643
9644
9645
9647
9651
9651
9653
9655
9656
9656
9658
9660
9661
9661
9662
9662
9663
9663
9663
9664
9665
9667
9669
9669
9671
9671
9675
9676
9677
9677
9677
9677
9679
9680
9684
9685
9687
9688
9689
9689
9690
9691
9692
9692
9693
9693
9695
9695
9696
9696
9697
9699
9699
9700
9700
9700
9702
9703
9704
9704
9704
9707
9707
9707
9708
9708
9709
9711
9711
9711
9713
9716
9717
9717
9718
9718
9719
9720
9721
9721
9721
9721
9722
9723
9724
9727
9728
9728
9729
9730
9730
9731
9732
9733
9734
9735
9738
9738
9738
9738
9739
9742
9743
9743
9744
9746
9746
9747
9747
9749
9750
9750
9751
9751
9752
9752
9753
9754
9755
9756
9758
9760
9760
9761
9762
9765
9766
9766
9766
9766
9767
9768
9769
9770
9771
9777
9778
9779
9780
9781
9782
9783
9784
9784
9785
9786
9788
9789
9791
9792
9794
9794
9797
9798
9798
9799
9801
9802
9802
9805
9806
9807
9807
9808
9808
9809
9811
9812
9816
9817
9817
9818
9820
9821
9822
9824
9825
9825
9825
9828
9829
9830
9832
9832
9832
9833
9836
9836
9836
9836
9837
9840
9841
9841
9842
9844
9847
9848
9849
9849
9853
9854
9854
9854
9855
9856
9856
9857
9858
9859
9860
9862
9863
9866
9867
9867
9867
9868
9868
9870
9870
9871
9871
9871
9872
9872
9873
9874
9874
9874
9874
9875
9876
9876
9877
9878
9879
9880
9881
9882
9882
9884
9888
9890
9892
9892
9893
9895
9896
9897
9897
9897
9898
9898
9899
9900
9903
9903
9906
9906
9908
9908
9909
9911
9912
9913
9913
9914
9917
9919
9921
9922
9922
9923
9925
9926
9926
9927
9927
9929
9929
9930
9930
9930
9932
9933
9934
9934
9935
9937
9937
9938
9938
9940
9941
9941
9943
9943
9946
9947
9950
9951
9952
9952
9953
9955
9956
9957
9958
9958
9960
9960
9960
9961
9961
9962
9963
9965
9965
9967
9967
9969
9969
9973
9974
9974
9975
9976
9976
9978
9981
9983
9984
9984
9985
9985
9986
9989
9990
9991
9992
9992
9993
9994
9996
9998
9998
9999
9999
