0
0
2
2
2
3
3
4
7
10
11
14
17
17
18
18
18
19
21
23
25
25
28
28
30
31
33
34
35
35
37
37
37
38
39
40
42
44
45
46
46
46
47
50
53
53
54
56
59
60
61
62
62
62
63
65
65
66
68
68
70
70
70
72
72
73
75
75
76
79
80
80
80
81
81
83
84
85
85
85
85
86
86
88
89
90
90
93
93
93
93
94
94
95
95
96
97
97
98
100
101
104
105
106
106
106
107
107
108
108
109
110
110
111
114
115
115
116
118
118
118
119
119
119
120
120
121
121
121
122
122
124
124
125
126
127
127
127
128
130
132
132
134
134
135
136
137
138
139
139
139
140
142
144
145
146
146
147
148
149
152
153
155
155
155
158
158
161
164
165
165
166
168
171
171
171
172
172
174
174
175
178
178
179
179
180
180
181
181
182
183
186
186
186
189
190
192
192
193
194
194
195
197
200
200
202
202
203
204
205
205
206
206
208
208
209
210
212
212
213
213
214
214
215
215
217
217
217
219
220
222
222
222
223
225
226
227
227
232
232
234
237
238
241
241
242
243
245
246
246
248
249
250
250
250
251
253
253
253
256
257
258
262
263
263
264
264
266
266
266
267
267
267
268
269
270
270
272
273
274
275
276
277
279
280
281
281
281
281
281
282
283
283
283
284
285
286
290
291
295
295
296
299
299
302
303
304
304
307
308
308
313
314
314
316
316
317
317
317
317
320
321
323
323
323
325
325
325
325
326
326
326
327
328
328
328
329
329
331
333
334
334
334
337
338
338
339
340
342
344
345
349
352
353
353
357
358
361
361
362
363
363
363
363
364
364
364
365
365
367
367
367
368
369
370
375
375
376
378
378
378
379
381
381
382
383
384
385
389
391
392
392
393
393
394
394
395
396
396
398
398
404
405
406
407
408
409
409
411
414
414
414
417
418
425
427
427
428
429
429
430
430
433
434
435
435
436
437
437
440
442
443
443
444
445
446
446
446
447
447
448
448
448
448
449
449
449
450
450
452
453
456
457
457
457
460
463
463
463
464
464
464
465
466
466
466
467
469
471
472
473
473
474
474
475
475
477
478
479
479
479
480
480
481
481
482
482
482
484
485
486
487
487
488
491
492
492
493
496
496
497
498
501
502
503
504
505
505
505
506
506
509
511
512
513
514
516
517
517
518
522
522
525
529
530
530
531
531
534
535
539
539
540
543
544
544
544
546
546
546
547
547
550
550
551
551
551
552
552
553
553
554
556
556
559
559
561
562
564
565
566
567
569
570
570
570
572
572
574
574
578
579
580
580
582
582
583
584
584
587
588
588
588
589
589
589
589
591
592
592
592
592
593
593
594
594
597
598
599
600
600
600
601
602
604
604
608
608
608
609
610
610
611
613
613
614
615
615
617
620
620
621
621
623
624
624
625
628
629
631
631
631
631
632
634
634
634
635
636
637
637
638
639
640
641
641
641
643
644
644
647
648
649
649
649
650
651
652
653
656
657
659
660
661
661
661
662
663
663
664
665
665
666
671
671
671
674
675
677
677
678
678
679
680
680
681
682
684
685
685
687
687
688
689
690
691
691
692
696
697
698
698
699
699
700
700
701
701
702
702
702
703
707
708
708
709
709
709
712
713
713
716
716
717
717
719
720
721
722
722
722
723
723
724
726
727
729
730
731
733
734
735
735
737
737
737
740
743
743
745
745
746
747
748
748
749
749
750
750
753
754
755
759
759
762
762
767
769
770
770
772
772
772
772
773
773
774
776
776
776
777
779
779
782
782
784
784
785
785
787
792
792
792
793
793
796
796
796
796
797
797
797
798
800
801
801
803
803
803
804
805
806
806
807
808
809
810
810
811
811
812
814
814
814
814
815
816
819
820
821
821
823
823
823
826
827
827
829
831
832
833
834
835
837
838
838
839
840
840
841
842
842
843
843
843
843
844
848
849
850
850
850
851
851
852
852
852
853
854
858
859
860
860
862
862
862
865
869
871
871
871
874
885
885
887
887
888
889
889
892
892
896
896
899
899
900
901
901
903
905
905
906
907
907
907
908
908
909
911
912
913
914
915
916
916
918
919
920
920
923
923
923
927
927
928
929
929
931
931
931
933
935
938
938
938
939
940
940
941
941
941
942
942
942
943
945
946
946
947
947
950
951
951
954
954
955
956
957
959
960
962
963
963
965
965
965
966
967
967
967
968
969
970
973
975
976
977
982
982
983
983
984
984
986
986
987
987
989
990
990
992
993
993
996
997
998
998
998
999
999
999
999
1003
1003
1003
1005
1006
1006
1008
1008
1009
1010
1012
1012
1012
1013
1013
1013
1014
1015
1017
1017
1017
1017
1017
1018
1018
1023
1024
1025
1025
1026
1026
1027
1027
1027
1027
1027
1028
1028
1028
1029
1031
1031
1032
1032
1035
1037
1039
1041
1041
1041
1044
1044
1048
1049
1049
1049
1050
1051
1052
1055
1056
1059
1059
1060
1060
1061
1061
1063
1063
1064
1064
1064
1066
1067
1068
1069
1070
1072
1072
1075
1076
1076
1077
1077
1078
1080
1082
1083
1083
1086
1086
1086
1087
1089
1089
1091
1091
1091
1093
1094
1094
1095
1096
1096
1099
1099
1099
1102
1103
1105
1109
1110
1110
1110
1111
1112
1114
1118
1118
1118
1118
1118
1119
1119
1120
1121
1122
1124
1125
1126
1126
1127
1127
1128
1129
1129
1129
1130
1130
1132
1132
1133
1133
1134
1134
1136
1137
1137
1139
1141
1141
1141
1142
1144
1144
1145
1146
1146
1147
1148
1154
1155
1155
1156
1158
1160
1161
1162
1162
1165
1166
1168
1170
1171
1171
1172
1173
1173
1173
1175
1176
1178
1179
1180
1180
1181
1181
1182
1182
1185
1186
1187
1188
1190
1190
1193
1194
1198
1199
1201
1202
1203
1204
1204
1207
1208
1209
1209
1210
1210
1213
1213
1215
1218
1219
1220
1221
1222
1222
1222
1222
1223
1223
1224
1227
1232
1233
1233
1234
1235
1235
1236
1236
1237
1238
1241
1243
1243
1243
1244
1247
1247
1247
1251
1251
1252
1253
1255
1255
1258
1258
1259
1260
1260
1264
1265
1266
1266
1267
1268
1269
1271
1271
1271
1273
1274
1275
1275
1275
1276
1276
1277
1277
1277
1279
1281
1283
1284
1285
1286
1286
1288
1288
1288
1288
1289
1289
1289
1291
1291
1294
1294
1295
1295
1295
1296
1296
1297
1298
1298
1299
1299
1299
1300
1300
1303
1303
1306
1307
1308
1309
1309
1310
1310
1310
1311
1314
1314
1315
1317
1318
1319
1320
1322
1323
1324
1327
1327
1327
1328
1328
1329
1330
1332
1332
1333
1333
1333
1334
1335
1335
1336
1339
1339
1340
1340
1340
1341
1342
1343
1343
1344
1346
1346
1348
1348
1349
1351
1353
1356
1357
1357
1358
1360
1360
1360
1361
1361
1362
1362
1362
1363
1363
1367
1369
1376
1376
1378
1379
1380
1381
1382
1384
1384
1385
1385
1389
1393
1393
1394
1394
1395
1396
1396
1396
1398
1401
1401
1401
1401
1402
1403
1405
1407
1408
1408
1409
1411
1411
1411
1412
1412
1413
1423
1423
1424
1424
1425
1426
1427
1428
1428
1429
1431
1431
1431
1437
1437
1437
1438
1439
1439
1443
1443
1445
1445
1446
1446
1447
1448
1451
1452
1453
1453
1454
1454
1455
1457
1458
1460
1460
1461
1463
1464
1465
1465
1467
1467
1468
1469
1469
1470
1471
1471
1471
1471
1472
1473
1473
1473
1475
1475
1476
1478
1479
1481
1484
1484
1486
1488
1488
1489
1490
1493
1493
1494
1494
1498
1498
1499
1500
1500
1500
1500
1501
1502
1505
1505
1505
1505
1506
1507
1507
1508
1508
1509
1512
1513
1513
1514
1515
1516
1517
1518
1518
1519
1519
1521
1521
1523
1524
1525
1527
1528
1528
1528
1529
1529
1530
1530
1530
1531
1531
1531
1533
1533
1533
1534
1535
1536
1536
1536
1536
1537
1538
1538
1540
1542
1542
1545
1545
1546
1547
1548
1549
1549
1550
1550
1551
1551
1552
1552
1552
1553
1553
1553
1554
1555
1558
1558
1558
1559
1560
1560
1561
1561
1563
1563
1564
1565
1565
1569
1569
1570
1571
1573
1574
1575
1575
1576
1577
1577
1579
1579
1582
1582
1583
1583
1584
1585
1587
1590
1590
1591
1591
1592
1592
1593
1593
1594
1597
1597
1598
1598
1599
1600
1600
1601
1603
1604
1605
1609
1610
1612
1612
1613
1617
1618
1618
1618
1619
1621
1621
1622
1623
1624
1625
1626
1626
1627
1627
1628
1628
1628
1628
1628
1632
1632
1633
1633
1635
1636
1636
1636
1638
1643
1644
1644
1645
1647
1647
1648
1648
1648
1649
1649
1650
1651
1652
1652
1652
1655
1658
1661
1661
1661
1662
1663
1664
1665
1666
1667
1669
1669
1670
1672
1672
1672
1674
1674
1674
1675
1677
1677
1678
1679
1680
1681
1682
1682
1682
1683
1683
1683
1685
1686
1686
1687
1687
1687
1688
1688
1689
1689
1691
1692
1693
1694
1696
1696
1697
1699
1699
1700
1701
1701
1701
1701
1702
1703
1703
1704
1705
1708
1710
1710
1710
1711
1713
1713
1714
1717
1717
1718
1719
1721
1721
1726
1727
1728
1731
1731
1736
1737
1738
1738
1742
1742
1743
1743
1744
1744
1746
1748
1748
1749
1749
1750
1754
1754
1755
1755
1755
1756
1757
1757
1758
1759
1759
1759
1759
1760
1761
1762
1763
1763
1764
1765
1767
1769
1769
1769
1770
1771
1772
1773
1775
1775
1776
1777
1777
1777
1777
1778
1779
1780
1780
1781
1782
1783
1783
1784
1784
1784
1785
1785
1786
1787
1788
1788
1789
1790
1792
1792
1794
1795
1795
1795
1797
1799
1800
1800
1800
1801
1802
1802
1803
1803
1803
1803
1804
1804
1805
1806
1807
1808
1810
1810
1811
1811
1811
1812
1813
1813
1814
1814
1815
1815
1815
1818
1819
1819
1819
1820
1821
1822
1823
1825
1827
1827
1828
1829
1829
1830
1830
1832
1835
1836
1837
1838
1838
1840
1840
1841
1841
1842
1843
1844
1844
1845
1846
1847
1850
1851
1852
1852
1853
1854
1855
1855
1856
1856
1857
1857
1859
1860
1860
1860
1861
1863
1863
1864
1865
1866
1866
1869
1870
1870
1870
1871
1871
1873
1875
1878
1879
1879
1883
1884
1887
1887
1887
1887
1888
1890
1893
1894
1894
1895
1896
1897
1897
1899
1901
1901
1901
1903
1903
1907
1907
1907
1909
1915
1916
1916
1921
1924
1926
1927
1927
1928
1929
1930
1930
1932
1935
1935
1937
1938
1939
1939
1940
1943
1944
1945
1946
1946
1948
1949
1949
1950
1950
1953
1954
1955
1956
1958
1958
1960
1962
1962
1962
1962
1964
1965
1965
1968
1970
1970
1971
1973
1974
1975
1975
1975
1976
1977
1978
1978
1978
1978
1979
1979
1980
1981
1981
1981
1982
1983
1984
1984
1987
1989
1990
1991
1991
1992
1999
1999
2000
2000
2001
2001
2001
2003
2006
2006
2006
2008
2009
2011
2011
2011
2013
2014
2014
2015
2015
2015
2016
2017
2018
2021
2021
2021
2021
2022
2022
2022
2023
2024
2024
2024
2025
2026
2027
2027
2028
2028
2028
2029
2032
2035
2036
2037
2037
2040
2040
2041
2041
2041
2043
2045
2045
2046
2047
2049
2049
2052
2052
2053
2056
2057
2058
2059
2059
2060
2061
2061
2065
2065
2066
2066
2068
2068
2069
2072
2072
2073
2077
2081
2082
2084
2085
2085
2086
2087
2087
2087
2089
2090
2090
2090
2090
2091
2094
2094
2096
2097
2097
2097
2099
2100
2100
2101
2101
2101
2101
2103
2103
2105
2106
2107
2107
2107
2108
2108
2109
2113
2113
2113
2113
2114
2114
2115
2116
2117
2119
2120
2122
2122
2123
2124
2124
2124
2127
2127
2127
2128
2129
2132
2132
2132
2133
2135
2137
2137
2138
2139
2140
2140
2141
2142
2142
2143
2143
2144
2144
2145
2146
2146
2148
2149
2153
2155
2156
2156
2160
2160
2161
2163
2163
2164
2164
2165
2167
2168
2169
2169
2170
2171
2171
2172
2174
2175
2177
2180
2180
2181
2181
2182
2182
2182
2183
2183
2184
2185
2186
2188
2189
2189
2190
2193
2193
2193
2194
2195
2195
2195
2195
2197
2199
2201
2201
2202
2203
2204
2205
2205
2207
2207
2209
2210
2211
2211
2212
2212
2213
2214
2214
2214
2216
2216
2217
2222
2223
2224
2225
2227
2227
2229
2232
2232
2232
2235
2236
2236
2237
2237
2238
2238
2238
2240
2241
2241
2242
2242
2243
2244
2244
2247
2247
2248
2249
2249
2249
2250
2250
2252
2254
2255
2255
2256
2258
2259
2261
2262
2262
2264
2264
2267
2267
2268
2269
2269
2269
2270
2270
2271
2271
2274
2274
2274
2274
2276
2276
2277
2279
2279
2281
2282
2283
2284
2284
2288
2288
2289
2294
2295
2296
2298
2299
2300
2302
2303
2304
2305
2305
2310
2311
2311
2314
2315
2315
2315
2315
2316
2316
2317
2318
2318
2320
2320
2321
2322
2322
2323
2323
2323
2324
2324
2326
2327
2328
2328
2328
2330
2331
2332
2333
2333
2334
2337
2337
2338
2340
2341
2342
2342
2343
2344
2346
2347
2348
2350
2350
2350
2351
2351
2351
2352
2353
2354
2354
2355
2357
2358
2359
2360
2361
2362
2365
2368
2368
2370
2370
2372
2372
2373
2374
2375
2375
2376
2376
2378
2380
2380
2380
2381
2382
2382
2383
2384
2385
2385
2386
2386
2389
2391
2391
2391
2391
2391
2392
2393
2394
2394
2394
2398
2399
2400
2401
2402
2403
2404
2405
2405
2407
2411
2412
2414
2414
2415
2417
2418
2418
2419
2421
2421
2423
2426
2426
2429
2430
2430
2433
2433
2433
2434
2434
2435
2436
2436
2436
2436
2437
2437
2438
2438
2441
2442
2442
2445
2448
2448
2449
2450
2450
2450
2451
2451
2452
2453
2454
2455
2456
2457
2457
2457
2464
2464
2464
2465
2466
2466
2466
2468
2470
2470
2472
2472
2472
2474
2474
2474
2474
2475
2476
2478
2478
2482
2484
2485
2489
2490
2491
2491
2491
2492
2492
2493
2494
2494
2494
2496
2499
2500
2501
2502
2502
2504
2506
2507
2507
2507
2510
2513
2517
2518
2519
2520
2521
2521
2522
2522
2525
2527
2529
2529
2529
2529
2531
2532
2534
2535
2535
2536
2538
2540
2540
2541
2544
2547
2547
2548
2548
2548
2549
2549
2550
2550
2552
2552
2552
2552
2553
2556
2556
2557
2558
2558
2559
2560
2562
2563
2563
2563
2563
2564
2565
2566
2568
2568
2570
2570
2570
2573
2576
2577
2578
2580
2581
2584
2585
2585
2587
2587
2590
2590
2591
2591
2592
2594
2594
2597
2598
2600
2601
2602
2604
2606
2608
2608
2608
2610
2610
2611
2611
2611
2612
2613
2617
2619
2619
2619
2619
2621
2622
2623
2625
2625
2627
2627
2630
2631
2631
2632
2633
2634
2636
2636
2637
2639
2641
2643
2646
2646
2647
2647
2647
2648
2651
2652
2654
2655
2656
2657
2657
2659
2662
2662
2662
2663
2663
2665
2665
2665
2667
2669
2669
2670
2671
2671
2673
2675
2677
2677
2678
2678
2679
2680
2680
2681
2682
2682
2684
2684
2685
2686
2687
2688
2688
2691
2692
2692
2693
2693
2693
2693
2694
2695
2696
2697
2697
2698
2700
2701
2701
2702
2704
2708
2708
2708
2709
2710
2710
2713
2713
2713
2715
2716
2718
2719
2719
2720
2721
2721
2722
2723
2723
2723
2724
2724
2724
2725
2727
2727
2727
2727
2730
2731
2732
2732
2732
2733
2734
2734
2735
2735
2736
2736
2738
2738
2739
2741
2743
2743
2743
2743
2744
2745
2745
2746
2751
2753
2757
2758
2758
2759
2760
2760
2761
2761
2761
2763
2764
2765
2765
2766
2766
2766
2767
2769
2769
2770
2772
2773
2773
2774
2775
2777
2777
2777
2778
2779
2780
2780
2780
2781
2781
2783
2783
2786
2786
2787
2787
2788
2789
2790
2791
2791
2792
2792
2793
2794
2794
2795
2796
2796
2796
2797
2798
2799
2799
2803
2804
2809
2809
2810
2812
2813
2815
2815
2815
2816
2817
2817
2819
2823
2824
2825
2825
2825
2825
2825
2826
2827
2828
2828
2828
2829
2829
2830
2831
2831
2832
2833
2834
2836
2839
2839
2840
2844
2845
2845
2847
2847
2849
2849
2852
2852
2858
2859
2859
2860
2861
2862
2863
2864
2865
2866
2868
2868
2868
2868
2868
2869
2869
2872
2872
2873
2873
2874
2878
2879
2883
2886
2886
2886
2888
2891
2892
2892
2892
2893
2893
2894
2895
2897
2897
2898
2898
2901
2903
2903
2905
2905
2908
2909
2909
2912
2913
2915
2918
2918
2920
2920
2920
2924
2924
2924
2925
2926
2926
2927
2927
2927
2928
2930
2931
2932
2933
2933
2934
2935
2938
2939
2939
2940
2940
2941
2941
2941
2942
2942
2942
2943
2944
2945
2945
2945
2947
2949
2950
2950
2950
2952
2953
2953
2955
2956
2958
2959
2960
2960
2961
2961
2962
2963
2969
2970
2971
2971
2972
2972
2973
2974
2976
2978
2978
2980
2981
2981
2983
2984
2984
2987
2987
2987
2988
2992
2993
2993
2998
2999
3002
3004
3004
3005
3005
3006
3006
3008
3008
3009
3011
3013
3013
3014
3015
3015
3015
3016
3017
3017
3020
3021
3022
3026
3027
3027
3028
3029
3030
3030
3031
3033
3034
3036
3036
3037
3038
3039
3039
3040
3042
3043
3044
3044
3044
3048
3048
3051
3051
3052
3053
3054
3054
3054
3054
3055
3055
3057
3058
3059
3061
3062
3063
3063
3064
3064
3064
3071
3071
3071
3072
3073
3074
3075
3076
3077
3079
3080
3080
3084
3084
3084
3085
3086
3086
3088
3088
3094
3095
3095
3097
3097
3102
3103
3103
3108
3108
3109
3109
3109
3109
3110
3110
3110
3111
3112
3112
3114
3114
3114
3116
3122
3122
3122
3123
3123
3123
3123
3124
3125
3125
3127
3127
3128
3130
3131
3131
3133
3134
3134
3135
3136
3136
3136
3139
3140
3140
3141
3144
3144
3145
3146
3147
3148
3150
3152
3152
3154
3155
3156
3156
3157
3158
3158
3159
3162
3163
3165
3166
3166
3166
3167
3167
3169
3169
3170
3171
3176
3176
3177
3177
3178
3178
3178
3179
3184
3184
3185
3186
3186
3187
3188
3190
3190
3191
3192
3193
3195
3197
3199
3200
3202
3203
3203
3204
3204
3205
3206
3207
3207
3208
3209
3209
3211
3213
3213
3213
3214
3214
3214
3214
3215
3216
3216
3216
3219
3219
3220
3220
3221
3222
3223
3223
3224
3226
3227
3230
3235
3237
3237
3237
3237
3239
3241
3242
3243
3244
3244
3246
3248
3248
3249
3250
3250
3253
3253
3254
3255
3255
3255
3256
3256
3258
3259
3260
3260
3260
3261
3261
3262
3262
3263
3263
3265
3267
3268
3269
3269
3270
3271
3272
3275
3278
3280
3280
3280
3281
3281
3281
3283
3284
3284
3284
3285
3286
3288
3289
3289
3290
3290
3291
3292
3292
3293
3293
3293
3294
3294
3294
3295
3295
3296
3297
3297
3297
3297
3298
3300
3300
3302
3302
3303
3305
3306
3306
3313
3314
3315
3317
3318
3318
3318
3321
3323
3324
3324
3324
3326
3327
3329
3329
3330
3330
3332
3332
3333
3333
3333
3335
3336
3337
3337
3337
3338
3338
3339
3341
3342
3343
3343
3343
3343
3343
3344
3344
3346
3346
3346
3347
3347
3348
3349
3350
3351
3352
3352
3353
3353
3353
3353
3353
3353
3355
3355
3357
3358
3359
3359
3359
3362
3363
3366
3367
3367
3368
3371
3372
3373
3374
3375
3376
3379
3381
3381
3384
3384
3385
3386
3387
3388
3389
3390
3390
3390
3390
3391
3391
3391
3391
3391
3392
3396
3397
3399
3400
3402
3402
3406
3409
3411
3412
3412
3413
3414
3415
3416
3417
3417
3418
3419
3420
3420
3420
3422
3423
3425
3427
3429
3430
3430
3431
3432
3434
3434
3435
3436
3437
3438
3438
3439
3442
3444
3444
3448
3450
3452
3454
3454
3456
3457
3460
3460
3462
3463
3463
3463
3466
3468
3468
3472
3472
3472
3473
3474
3476
3476
3477
3477
3478
3480
3480
3480
3482
3482
3483
3484
3484
3485
3488
3488
3488
3489
3490
3491
3493
3496
3496
3497
3498
3499
3500
3501
3501
3501
3502
3503
3505
3507
3507
3508
3508
3509
3510
3510
3510
3511
3511
3512
3512
3513
3515
3516
3516
3519
3520
3521
3523
3523
3524
3525
3525
3525
3525
3527
3528
3528
3529
3529
3530
3531
3533
3535
3535
3537
3538
3538
3540
3540
3541
3544
3544
3545
3545
3547
3550
3553
3554
3554
3554
3556
3557
3560
3561
3562
3563
3563
3564
3564
3564
3564
3566
3566
3566
3567
3568
3569
3571
3571
3571
3571
3574
3574
3575
3575
3576
3578
3580
3584
3584
3586
3587
3587
3588
3589
3589
3590
3592
3594
3594
3595
3597
3598
3598
3599
3599
3599
3600
3602
3604
3604
3605
3606
3607
3608
3609
3609
3614
3615
3616
3616
3616
3619
3619
3624
3626
3626
3626
3627
3627
3628
3628
3629
3631
3632
3633
3634
3634
3635
3635
3637
3638
3640
3640
3640
3643
3643
3647
3649
3649
3651
3651
3654
3654
3656
3657
3658
3658
3658
3659
3660
3661
3662
3662
3662
3663
3664
3665
3666
3666
3668
3668
3670
3673
3673
3675
3675
3675
3676
3677
3678
3679
3680
3680
3681
3682
3682
3682
3683
3684
3685
3690
3690
3691
3692
3693
3693
3693
3694
3695
3695
3695
3695
3696
3696
3696
3697
3698
3701
3702
3703
3703
3704
3704
3704
3707
3708
3709
3712
3713
3715
3716
3717
3720
3722
3723
3723
3724
3724
3726
3727
3728
3728
3728
3728
3730
3730
3733
3735
3735
3735
3735
3735
3737
3738
3739
3740
3743
3747
3749
3750
3750
3750
3752
3753
3755
3757
3758
3760
3760
3766
3767
3768
3769
3769
3770
3775
3776
3776
3776
3777
3777
3777
3779
3780
3781
3783
3784
3784
3784
3786
3788
3790
3793
3793
3794
3796
3797
3798
3799
3802
3802
3802
3803
3805
3806
3807
3809
3809
3811
3815
3817
3818
3820
3822
3822
3822
3825
3827
3829
3830
3832
3833
3833
3834
3835
3835
3836
3837
3840
3841
3841
3842
3843
3846
3847
3847
3848
3851
3851
3853
3855
3856
3858
3863
3863
3869
3870
3870
3871
3871
3872
3873
3874
3875
3876
3876
3876
3879
3879
3879
3879
3881
3881
3882
3882
3882
3883
3884
3885
3885
3886
3886
3886
3886
3887
3889
3891
3892
3892
3892
3893
3894
3897
3898
3900
3903
3905
3906
3908
3909
3910
3910
3911
3911
3911
3912
3912
3915
3916
3916
3916
3916
3916
3916
3917
3917
3918
3918
3920
3921
3922
3922
3923
3924
3924
3924
3925
3925
3925
3926
3928
3929
3930
3931
3932
3933
3934
3935
3938
3938
3938
3938
3939
3939
3939
3940
3940
3942
3944
3944
3945
3946
3949
3951
3953
3954
3954
3955
3956
3956
3956
3958
3958
3958
3958
3962
3963
3967
3967
3967
3967
3970
3971
3971
3973
3973
3975
3976
3977
3978
3980
3982
3983
3983
3985
3985
3986
3986
3987
3988
3990
3992
3993
3993
3994
3994
3997
3997
3998
3998
4001
4002
4004
4005
4005
4006
4007
4011
4012
4014
4014
4015
4016
4017
4017
4019
4019
4019
4019
4021
4021
4022
4023
4024
4026
4026
4027
4027
4030
4030
4030
4034
4034
4036
4037
4040
4044
4047
4048
4050
4052
4052
4054
4054
4055
4055
4058
4059
4061
4061
4061
4062
4063
4063
4065
4066
4067
4067
4068
4068
4068
4069
4071
4071
4071
4073
4075
4075
4075
4076
4077
4077
4078
4078
4079
4079
4079
4080
4080
4081
4081
4082
4082
4083
4084
4084
4085
4086
4086
4086
4088
4088
4089
4089
4091
4095
4096
4098
4099
4099
4100
4100
4101
4101
4101
4103
4105
4106
4106
4108
4109
4110
4112
4112
4112
4113
4114
4115
4117
4118
4118
4118
4118
4120
4120
4121
4123
4123
4123
4124
4124
4124
4124
4125
4127
4128
4129
4129
4130
4131
4131
4132
4134
4135
4136
4136
4136
4139
4141
4141
4142
4142
4143
4143
4143
4145
4146
4146
4148
4148
4149
4149
4150
4150
4153
4153
4154
4159
4160
4160
4161
4162
4163
4163
4165
4165
4165
4165
4165
4166
4166
4168
4168
4170
4170
4171
4171
4172
4172
4172
4172
4176
4178
4179
4180
4181
4181
4184
4185
4186
4187
4187
4187
4187
4188
4189
4189
4189
4190
4191
4192
4193
4193
4193
4193
4197
4199
4201
4202
4205
4205
4205
4206
4208
4208
4208
4210
4214
4215
4215
4217
4217
4218
4218
4221
4223
4223
4225
4225
4225
4225
4226
4227
4228
4228
4228
4229
4229
4230
4231
4231
4232
4233
4235
4238
4241
4242
4244
4245
4246
4248
4249
4250
4251
4251
4252
4256
4258
4258
4259
4259
4262
4263
4267
4269
4269
4270
4270
4271
4271
4272
4272
4273
4276
4277
4278
4279
4280
4280
4281
4283
4283
4284
4285
4286
4289
4289
4290
4290
4292
4295
4295
4296
4297
4298
4299
4300
4300
4301
4302
4303
4303
4303
4304
4305
4305
4306
4306
4309
4309
4310
4310
4311
4311
4312
4312
4312
4313
4314
4314
4314
4314
4315
4317
4317
4318
4320
4321
4322
4322
4323
4323
4325
4325
4325
4328
4329
4331
4332
4332
4333
4334
4334
4335
4336
4338
4338
4340
4341
4343
4343
4343
4346
4347
4348
4348
4349
4350
4351
4352
4353
4354
4357
4357
4357
4358
4359
4360
4361
4363
4364
4365
4365
4365
4366
4366
4367
4367
4368
4368
4369
4369
4369
4370
4370
4371
4377
4380
4380
4381
4381
4383
4384
4385
4385
4386
4386
4387
4388
4388
4389
4390
4391
4391
4392
4392
4392
4393
4393
4394
4395
4395
4400
4401
4404
4406
4408
4408
4408
4408
4409
4409
4409
4411
4411
4411
4413
4418
4418
4419
4420
4420
4422
4422
4425
4427
4432
4432
4434
4435
4435
4436
4436
4436
4437
4438
4438
4439
4440
4441
4441
4443
4444
4444
4445
4445
4446
4448
4452
4453
4455
4456
4456
4456
4456
4457
4457
4465
4466
4466
4467
4467
4467
4467
4468
4469
4469
4470
4471
4471
4472
4473
4474
4474
4474
4477
4480
4480
4480
4481
4483
4484
4486
4488
4491
4493
4494
4496
4496
4497
4497
4498
4499
4499
4499
4500
4500
4501
4502
4503
4503
4505
4505
4507
4508
4509
4510
4512
4512
4513
4514
4516
4518
4518
4518
4519
4519
4520
4520
4521
4522
4522
4522
4524
4527
4527
4527
4528
4530
4531
4531
4538
4538
4541
4543
4543
4543
4543
4543
4543
4543
4544
4544
4545
4545
4545
4547
4547
4547
4550
4551
4551
4552
4553
4554
4554
4555
4555
4555
4557
4558
4558
4559
4560
4560
4560
4563
4564
4567
4569
4570
4572
4576
4576
4578
4579
4579
4581
4581
4582
4582
4583
4584
4584
4584
4585
4586
4587
4587
4587
4590
4591
4591
4591
4592
4592
4593
4594
4598
4599
4601
4603
4603
4604
4605
4606
4609
4609
4609
4612
4613
4614
4616
4617
4617
4618
4619
4620
4621
4623
4625
4625
4627
4628
4628
4628
4628
4629
4631
4631
4631
4632
4633
4634
4636
4636
4637
4638
4639
4641
4642
4644
4645
4647
4648
4648
4649
4649
4650
4650
4651
4652
4653
4655
4657
4658
4662
4663
4664
4664
4667
4669
4670
4672
4673
4675
4675
4676
4679
4682
4682
4683
4684
4684
4684
4685
4685
4689
4690
4690
4692
4694
4694
4695
4696
4696
4697
4697
4697
4698
4699
4699
4701
4702
4704
4704
4706
4706
4706
4706
4708
4708
4709
4709
4712
4712
4712
4713
4713
4713
4714
4715
4715
4715
4716
4717
4719
4722
4722
4723
4725
4730
4730
4731
4732
4732
4733
4734
4734
4735
4736
4737
4737
4738
4739
4739
4740
4742
4744
4746
4749
4749
4750
4750
4751
4751
4753
4754
4755
4756
4756
4756
4757
4757
4758
4758
4759
4760
4762
4763
4766
4768
4771
4774
4775
4776
4777
4777
4782
4783
4783
4789
4790
4790
4791
4792
4793
4793
4794
4796
4797
4799
4799
4802
4802
4803
4804
4806
4807
4808
4809
4810
4812
4812
4813
4813
4815
4815
4817
4819
4819
4820
4822
4823
4825
4828
4829
4831
4834
4834
4834
4835
4836
4839
4840
4842
4842
4842
4844
4845
4845
4845
4847
4848
4848
4850
4850
4851
4852
4853
4853
4854
4857
4857
4857
4858
4858
4859
4860
4860
4860
4860
4862
4863
4863
4863
4864
4867
4868
4868
4869
4869
4870
4870
4871
4874
4876
4878
4879
4883
4884
4886
4886
4886
4886
4886
4887
4888
4890
4890
4891
4891
4892
4893
4894
4896
4896
4896
4897
4899
4899
4899
4900
4902
4903
4903
4904
4906
4906
4907
4908
4908
4909
4910
4914
4922
4922
4924
4924
4924
4924
4925
4925
4925
4927
4927
4927
4929
4931
4932
4933
4934
4935
4935
4935
4935
4936
4938
4939
4940
4941
4942
4945
4945
4946
4949
4949
4952
4952
4952
4953
4954
4954
4954
4954
4955
4956
4956
4956
4957
4959
4960
4960
4961
4963
4965
4965
4965
4968
4969
4970
4972
4974
4974
4975
4976
4976
4978
4978
4979
4980
4981
4982
4983
4984
4984
4987
4987
4988
4989
4989
4989
4992
4993
4994
4994
4995
4997
5000
5001
5001
5003
5003
5004
5004
5005
5005
5005
5006
5007
5007
5008
5012
5012
5013
5013
5016
5016
5017
5018
5021
5021
5022
5022
5022
5025
5025
5026
5027
5027
5027
5027
5029
5030
5030
5030
5030
5030
5032
5036
5036
5037
5037
5038
5038
5039
5040
5040
5041
5041
5042
5044
5045
5045
5046
5048
5050
5052
5052
5057
5057
5059
5061
5061
5061
5061
5062
5062
5063
5064
5067
5067
5068
5069
5069
5069
5069
5069
5072
5073
5073
5073
5073
5075
5077
5077
5078
5078
5079
5079
5079
5079
5082
5083
5084
5085
5086
5087
5087
5089
5090
5091
5091
5091
5093
5093
5094
5095
5097
5098
5099
5099
5099
5100
5101
5102
5102
5102
5104
5105
5106
5107
5108
5110
5110
5111
5111
5113
5116
5117
5118
5119
5121
5124
5124
5127
5127
5127
5128
5129
5130
5131
5132
5132
5133
5134
5137
5142
5143
5150
5151
5152
5153
5153
5153
5155
5156
5156
5156
5157
5157
5157
5157
5158
5158
5159
5159
5159
5159
5161
5161
5163
5164
5166
5170
5171
5171
5171
5172
5175
5175
5176
5176
5177
5179
5183
5183
5184
5184
5185
5186
5188
5189
5189
5191
5192
5193
5193
5194
5196
5196
5197
5197
5199
5199
5199
5200
5200
5200
5202
5204
5204
5205
5207
5210
5210
5213
5213
5214
5215
5217
5222
5222
5222
5223
5224
5224
5224
5225
5225
5225
5226
5227
5229
5230
5231
5232
5232
5232
5233
5234
5234
5237
5237
5239
5240
5240
5242
5243
5243
5243
5243
5244
5244
5245
5246
5246
5247
5247
5248
5251
5251
5252
5252
5253
5254
5255
5255
5255
5256
5257
5259
5261
5262
5262
5263
5264
5265
5265
5266
5267
5269
5273
5274
5274
5275
5276
5276
5276
5276
5277
5277
5278
5283
5283
5284
5284
5286
5291
5291
5291
5292
5295
5296
5296
5297
5297
5298
5299
5299
5300
5300
5300
5302
5304
5305
5306
5307
5308
5309
5310
5313
5313
5317
5318
5321
5321
5322
5323
5323
5325
5327
5328
5328
5328
5329
5331
5333
5335
5336
5337
5337
5338
5338
5340
5341
5341
5342
5342
5342
5345
5348
5348
5349
5350
5352
5352
5352
5355
5356
5356
5357
5358
5359
5359
5360
5361
5361
5362
5365
5365
5366
5366
5368
5368
5369
5369
5370
5370
5371
5372
5372
5372
5373
5373
5373
5374
5375
5378
5378
5379
5380
5381
5382
5382
5382
5383
5386
5386
5387
5387
5388
5391
5393
5393
5394
5397
5397
5401
5403
5403
5407
5408
5410
5411
5411
5411
5412
5414
5415
5416
5416
5417
5418
5419
5420
5422
5422
5422
5425
5426
5427
5427
5428
5432
5434
5435
5437
5438
5438
5439
5440
5443
5447
5450
5450
5450
5451
5451
5452
5452
5453
5454
5454
5456
5456
5456
5458
5458
5459
5460
5461
5461
5462
5462
5463
5465
5465
5467
5468
5468
5470
5471
5471
5473
5474
5475
5476
5476
5477
5477
5478
5478
5480
5480
5480
5480
5481
5481
5484
5484
5484
5485
5485
5486
5486
5487
5489
5491
5492
5492
5493
5493
5494
5495
5495
5498
5498
5498
5499
5499
5499
5501
5502
5502
5506
5506
5507
5507
5507
5509
5509
5509
5510
5510
5512
5512
5514
5514
5514
5515
5517
5517
5518
5519
5520
5522
5522
5527
5533
5534
5539
5540
5543
5543
5547
5547
5548
5549
5549
5549
5550
5551
5553
5553
5554
5554
5555
5558
5559
5560
5562
5563
5565
5566
5566
5566
5567
5568
5568
5568
5570
5573
5573
5576
5577
5578
5579
5579
5581
5581
5581
5581
5582
5582
5584
5584
5587
5588
5590
5591
5591
5591
5594
5595
5595
5595
5596
5597
5602
5602
5603
5603
5605
5605
5606
5606
5607
5607
5610
5610
5610
5611
5614
5614
5615
5615
5616
5617
5618
5619
5619
5620
5622
5623
5627
5628
5628
5628
5630
5630
5630
5630
5630
5634
5636
5637
5637
5639
5640
5641
5645
5645
5645
5646
5648
5649
5649
5650
5651
5652
5653
5653
5653
5653
5653
5654
5655
5655
5656
5657
5658
5660
5660
5662
5665
5666
5666
5670
5670
5670
5670
5673
5675
5675
5676
5676
5677
5678
5678
5679
5681
5682
5682
5685
5687
5688
5689
5690
5690
5691
5691
5691
5692
5692
5692
5694
5695
5695
5697
5698
5699
5699
5699
5700
5700
5703
5705
5707
5707
5709
5709
5709
5710
5711
5712
5712
5715
5716
5716
5716
5718
5718
5718
5718
5720
5720
5721
5722
5722
5723
5723
5723
5724
5725
5726
5727
5727
5730
5730
5731
5732
5732
5733
5733
5733
5734
5736
5736
5736
5737
5738
5739
5739
5740
5742
5745
5745
5745
5749
5750
5750
5751
5751
5751
5752
5752
5754
5754
5755
5755
5756
5762
5762
5764
5764
5764
5767
5767
5768
5768
5768
5771
5775
5775
5776
5777
5777
5778
5781
5783
5784
5784
5784
5785
5785
5786
5788
5788
5790
5791
5793
5793
5793
5798
5801
5802
5804
5808
5809
5809
5811
5811
5811
5812
5812
5816
5817
5817
5817
5818
5820
5821
5824
5826
5826
5829
5830
5830
5830
5832
5832
5832
5836
5837
5841
5841
5841
5843
5844
5846
5847
5849
5849
5850
5850
5851
5854
5857
5857
5857
5860
5861
5861
5861
5862
5864
5865
5865
5866
5866
5868
5869
5870
5870
5871
5871
5871
5871
5872
5873
5875
5875
5877
5879
5879
5880
5882
5885
5885
5886
5886
5888
5889
5889
5893
5893
5894
5897
5897
5897
5897
5899
5900
5900
5901
5901
5903
5903
5906
5906
5906
5908
5908
5908
5909
5910
5910
5910
5910
5911
5911
5911
5912
5913
5913
5913
5914
5915
5915
5916
5917
5919
5919
5920
5922
5923
5924
5924
5924
5924
5926
5927
5928
5929
5929
5930
5932
5933
5933
5934
5937
5937
5938
5939
5942
5943
5944
5945
5945
5949
5951
5951
5953
5953
5954
5954
5955
5956
5957
5957
5957
5958
5959
5959
5960
5961
5961
5961
5963
5963
5964
5967
5968
5969
5970
5971
5971
5971
5972
5973
5973
5973
5973
5975
5977
5977
5978
5979
5979
5981
5983
5983
5984
5985
5985
5985
5985
5987
5988
5989
5991
5992
5992
5994
5994
5994
5995
5995
5995
5996
5996
5997
5999
5999
6000
6002
6004
6004
6005
6007
6007
6008
6008
6008
6010
6010
6011
6011
6012
6015
6018
6018
6018
6018
6019
6020
6021
6021
6022
6023
6024
6024
6027
6027
6028
6030
6031
6034
6036
6036
6037
6038
6038
6043
6045
6046
6047
6047
6050
6050
6052
6053
6053
6058
6058
6059
6060
6060
6060
6060
6061
6061
6062
6064
6064
6065
6067
6067
6070
6071
6072
6073
6073
6074
6074
6075
6075
6077
6077
6077
6079
6079
6081
6082
6084
6084
6085
6087
6087
6088
6089
6092
6092
6092
6092
6095
6096
6097
6097
6100
6100
6101
6102
6102
6103
6103
6103
6105
6105
6105
6106
6108
6108
6112
6113
6113
6114
6116
6117
6118
6119
6119
6120
6120
6121
6122
6122
6122
6123
6123
6124
6126
6126
6126
6127
6128
6129
6129
6130
6131
6132
6132
6133
6134
6135
6135
6135
6136
6136
6136
6137
6138
6140
6140
6141
6142
6143
6143
6147
6148
6148
6149
6149
6149
6151
6152
6153
6153
6153
6155
6155
6155
6156
6157
6157
6159
6160
6160
6161
6161
6162
6163
6164
6164
6164
6165
6167
6167
6170
6171
6172
6174
6175
6175
6175
6175
6175
6176
6179
6180
6180
6180
6180
6181
6183
6183
6187
6190
6190
6191
6192
6194
6195
6196
6197
6200
6201
6201
6202
6205
6205
6208
6209
6209
6209
6210
6210
6210
6210
6212
6215
6215
6216
6218
6219
6220
6221
6221
6222
6224
6226
6227
6228
6228
6228
6229
6231
6231
6231
6231
6233
6233
6235
6235
6238
6240
6241
6242
6243
6243
6243
6244
6247
6251
6252
6252
6252
6252
6253
6253
6254
6255
6256
6257
6257
6259
6260
6260
6261
6262
6263
6263
6263
6264
6266
6266
6267
6267
6270
6271
6271
6272
6273
6273
6274
6274
6274
6275
6278
6278
6279
6281
6282
6284
6284
6284
6287
6288
6288
6289
6291
6291
6293
6293
6294
6294
6295
6296
6296
6297
6297
6298
6298
6298
6299
6301
6302
6302
6303
6303
6306
6306
6310
6311
6311
6311
6313
6314
6315
6318
6320
6321
6321
6323
6324
6325
6325
6325
6326
6326
6326
6327
6327
6331
6332
6333
6334
6336
6336
6336
6336
6336
6336
6340
6341
6341
6344
6348
6349
6350
6352
6354
6356
6357
6357
6359
6360
6360
6361
6362
6365
6367
6368
6369
6370
6370
6372
6373
6373
6374
6376
6378
6379
6380
6381
6381
6381
6382
6382
6383
6384
6386
6389
6392
6393
6393
6395
6395
6396
6398
6398
6399
6399
6400
6401
6401
6402
6403
6403
6403
6405
6405
6406
6406
6407
6408
6409
6410
6410
6411
6411
6411
6413
6414
6414
6414
6415
6415
6419
6420
6420
6420
6422
6422
6422
6422
6424
6427
6428
6430
6430
6430
6432
6434
6434
6435
6436
6437
6438
6438
6439
6439
6440
6441
6447
6448
6450
6451
6452
6452
6453
6455
6456
6456
6458
6458
6460
6461
6461
6461
6462
6464
6464
6464
6468
6468
6470
6472
6473
6473
6473
6475
6476
6477
6477
6479
6479
6482
6483
6484
6484
6485
6485
6487
6487
6488
6490
6490
6490
6491
6493
6494
6494
6498
6498
6499
6501
6501
6502
6503
6503
6503
6503
6504
6505
6505
6506
6506
6507
6509
6511
6512
6515
6516
6516
6518
6518
6519
6521
6521
6521
6522
6523
6523
6526
6526
6526
6527
6527
6528
6529
6530
6531
6531
6535
6535
6537
6537
6538
6538
6539
6539
6543
6543
6544
6544
6544
6545
6548
6548
6549
6549
6550
6550
6550
6551
6553
6557
6557
6557
6558
6558
6558
6559
6560
6561
6561
6562
6563
6564
6565
6566
6566
6571
6571
6571
6572
6573
6573
6576
6576
6581
6586
6586
6587
6588
6589
6590
6591
6592
6592
6596
6596
6596
6597
6599
6600
6601
6602
6603
6603
6604
6604
6606
6606
6608
6608
6608
6608
6609
6609
6612
6612
6614
6614
6617
6619
6620
6620
6621
6623
6623
6625
6626
6627
6627
6627
6630
6630
6630
6631
6631
6631
6632
6633
6635
6636
6637
6638
6640
6644
6644
6644
6645
6645
6649
6650
6651
6652
6652
6653
6657
6657
6659
6660
6662
6664
6665
6666
6667
6667
6667
6668
6669
6670
6670
6671
6672
6672
6674
6678
6680
6680
6681
6685
6686
6687
6688
6688
6689
6690
6691
6691
6691
6692
6693
6694
6694
6695
6696
6699
6699
6700
6702
6704
6704
6705
6709
6710
6711
6711
6711
6712
6712
6713
6714
6718
6719
6720
6721
6721
6721
6722
6723
6724
6724
6726
6726
6728
6729
6731
6733
6733
6735
6736
6738
6739
6740
6744
6744
6744
6745
6745
6746
6746
6747
6751
6752
6752
6753
6755
6755
6756
6757
6758
6760
6760
6761
6761
6762
6762
6762
6763
6763
6764
6766
6769
6769
6771
6773
6773
6774
6774
6775
6776
6777
6779
6779
6780
6781
6781
6782
6783
6783
6783
6784
6785
6785
6786
6786
6786
6788
6788
6788
6790
6790
6791
6792
6793
6794
6794
6795
6795
6795
6801
6801
6801
6802
6808
6809
6810
6811
6811
6816
6817
6818
6822
6823
6823
6825
6825
6827
6830
6831
6831
6832
6833
6834
6834
6835
6836
6836
6837
6838
6839
6839
6842
6842
6842
6842
6843
6844
6844
6844
6845
6845
6846
6846
6846
6848
6848
6849
6849
6850
6852
6852
6854
6854
6854
6856
6857
6857
6858
6863
6864
6865
6866
6866
6868
6872
6873
6873
6874
6875
6875
6876
6878
6880
6882
6883
6885
6890
6890
6891
6891
6892
6892
6894
6894
6896
6897
6898
6899
6903
6904
6905
6907
6907
6909
6909
6914
6914
6914
6915
6915
6916
6918
6921
6924
6924
6924
6924
6924
6924
6925
6926
6926
6926
6926
6926
6927
6928
6929
6930
6931
6933
6933
6934
6937
6938
6938
6938
6940
6940
6941
6942
6943
6943
6944
6945
6947
6948
6952
6952
6952
6953
6954
6956
6957
6958
6959
6959
6961
6962
6962
6965
6967
6968
6970
6972
6975
6976
6978
6982
6984
6984
6984
6988
6991
6993
6994
6994
6995
6996
6997
6997
6997
6997
7001
7001
7002
7002
7003
7004
7004
7005
7006
7006
7006
7008
7010
7014
7016
7017
7017
7017
7018
7019
7020
7021
7023
7023
7024
7024
7025
7026
7026
7029
7032
7032
7035
7035
7037
7041
7043
7043
7043
7044
7046
7046
7050
7052
7053
7054
7054
7054
7056
7057
7058
7058
7059
7059
7059
7060
7061
7061
7064
7064
7064
7064
7066
7067
7067
7068
7068
7068
7070
7070
7070
7073
7073
7075
7075
7076
7077
7079
7079
7079
7079
7080
7080
7080
7081
7083
7084
7084
7084
7085
7085
7086
7087
7088
7089
7089
7089
7091
7091
7093
7094
7094
7094
7096
7097
7097
7098
7099
7100
7103
7104
7105
7105
7105
7108
7109
7110
7110
7111
7112
7112
7112
7113
7116
7117
7119
7120
7123
7124
7125
7126
7127
7128
7129
7129
7131
7135
7137
7138
7140
7140
7140
7140
7141
7141
7142
7143
7144
7145
7145
7148
7149
7150
7150
7152
7152
7153
7153
7155
7156
7159
7161
7161
7162
7162
7162
7163
7163
7163
7164
7166
7167
7168
7170
7170
7170
7171
7172
7173
7176
7176
7177
7178
7178
7178
7179
7180
7180
7181
7185
7185
7186
7186
7186
7187
7190
7190
7192
7192
7196
7196
7199
7200
7200
7202
7204
7205
7208
7208
7209
7209
7209
7210
7211
7211
7213
7215
7215
7216
7219
7220
7220
7221
7221
7222
7223
7223
7223
7224
7224
7224
7228
7229
7232
7233
7234
7237
7239
7241
7242
7243
7243
7244
7245
7245
7250
7252
7253
7254
7254
7257
7259
7260
7260
7264
7264
7265
7265
7266
7266
7269
7270
7270
7272
7272
7273
7273
7275
7278
7279
7280
7282
7282
7282
7283
7286
7286
7287
7287
7287
7287
7288
7289
7290
7291
7292
7293
7293
7294
7296
7297
7299
7299
7300
7301
7301
7302
7305
7307
7307
7307
7307
7308
7310
7311
7313
7313
7313
7316
7316
7318
7319
7319
7320
7320
7322
7323
7324
7325
7325
7326
7326
7329
7329
7329
7330
7330
7332
7332
7332
7334
7335
7335
7338
7339
7340
7340
7340
7342
7343
7344
7345
7346
7348
7349
7350
7351
7351
7352
7352
7352
7352
7354
7354
7356
7357
7357
7358
7358
7359
7360
7362
7362
7365
7366
7367
7368
7373
7374
7378
7378
7381
7381
7382
7382
7383
7384
7386
7386
7387
7388
7389
7391
7391
7392
7392
7392
7393
7395
7396
7397
7398
7399
7400
7400
7401
7402
7403
7403
7403
7403
7404
7405
7406
7407
7408
7408
7409
7409
7410
7411
7411
7412
7412
7412
7414
7418
7419
7419
7421
7421
7421
7423
7425
7425
7425
7426
7428
7428
7429
7429
7431
7432
7432
7433
7435
7436
7439
7439
7439
7439
7439
7440
7440
7442
7442
7445
7446
7446
7446
7447
7447
7448
7448
7448
7449
7450
7450
7452
7453
7454
7455
7455
7458
7459
7460
7461
7462
7462
7462
7464
7464
7464
7467
7468
7468
7468
7469
7470
7470
7473
7474
7475
7475
7479
7480
7482
7484
7484
7485
7486
7486
7488
7488
7489
7489
7489
7490
7492
7492
7492
7493
7493
7494
7494
7495
7496
7497
7497
7499
7500
7502
7503
7503
7505
7505
7506
7507
7508
7509
7510
7511
7512
7513
7514
7515
7516
7518
7520
7521
7522
7522
7522
7524
7526
7527
7527
7528
7528
7529
7530
7532
7532
7533
7541
7541
7542
7542
7546
7547
7547
7547
7548
7549
7550
7552
7552
7553
7554
7555
7555
7556
7556
7556
7557
7557
7558
7558
7559
7560
7560
7562
7565
7569
7569
7569
7569
7571
7573
7574
7575
7575
7576
7576
7576
7577
7578
7579
7579
7581
7581
7584
7587
7588
7588
7588
7590
7590
7590
7591
7593
7594
7594
7595
7596
7596
7597
7601
7602
7602
7602
7604
7605
7605
7606
7609
7611
7613
7613
7614
7615
7616
7616
7616
7616
7620
7620
7620
7620
7622
7626
7627
7629
7630
7630
7630
7630
7631
7631
7632
7632
7634
7634
7635
7636
7636
7637
7637
7638
7638
7639
7640
7641
7641
7642
7642
7642
7645
7646
7647
7647
7649
7649
7651
7652
7653
7654
7655
7656
7656
7657
7660
7663
7663
7664
7666
7667
7668
7671
7673
7674
7674
7674
7675
7676
7678
7681
7683
7684
7685
7685
7686
7688
7688
7689
7689
7691
7694
7694
7695
7695
7695
7695
7698
7698
7698
7701
7702
7703
7704
7705
7706
7706
7706
7707
7708
7708
7709
7711
7712
7712
7713
7714
7714
7716
7717
7718
7718
7720
7722
7722
7723
7723
7724
7726
7726
7728
7728
7728
7728
7728
7729
7730
7732
7732
7733
7733
7734
7735
7735
7736
7737
7737
7738
7739
7740
7740
7742
7744
7744
7745
7746
7746
7746
7748
7748
7749
7750
7751
7752
7753
7754
7755
7756
7756
7760
7761
7762
7763
7764
7764
7764
7765
7765
7765
7767
7768
7771
7774
7774
7774
7775
7775
7776
7778
7778
7782
7783
7783
7784
7785
7786
7787
7789
7789
7789
7789
7792
7792
7794
7795
7796
7797
7798
7798
7800
7801
7801
7802
7804
7806
7807
7807
7808
7808
7810
7810
7811
7811
7813
7815
7815
7816
7817
7819
7819
7821
7822
7823
7824
7825
7826
7827
7827
7830
7830
7830
7831
7831
7833
7838
7839
7839
7844
7845
7845
7847
7849
7851
7852
7852
7852
7854
7856
7857
7860
7861
7862
7862
7862
7863
7863
7863
7865
7865
7867
7868
7869
7870
7871
7871
7872
7873
7874
7875
7875
7876
7876
7878
7880
7881
7881
7883
7884
7886
7887
7887
7888
7888
7890
7891
7892
7893
7893
7894
7894
7895
7896
7896
7898
7898
7898
7900
7900
7900
7901
7903
7903
7904
7904
7904
7904
7904
7905
7906
7907
7908
7909
7909
7911
7912
7913
7914
7916
7918
7920
7922
7922
7922
7923
7923
7925
7925
7926
7926
7927
7928
7929
7929
7929
7930
7931
7931
7932
7934
7937
7937
7939
7939
7940
7941
7943
7944
7944
7945
7946
7946
7947
7949
7950
7950
7953
7953
7954
7956
7959
7961
7961
7962
7963
7963
7964
7966
7967
7971
7973
7975
7975
7976
7977
7979
7980
7981
7982
7982
7982
7983
7984
7986
7989
7991
7991
7992
7992
7992
7994
7994
7995
7996
7997
8000
8000
8005
8006
8007
8008
8008
8011
8012
8012
8012
8012
8013
8015
8016
8016
8018
8018
8019
8019
8021
8022
8023
8024
8027
8027
8027
8029
8030
8032
8032
8033
8033
8034
8035
8035
8036
8036
8036
8037
8038
8039
8040
8040
8040
8041
8045
8046
8047
8047
8048
8048
8049
8051
8053
8055
8056
8057
8060
8064
8064
8068
8069
8071
8072
8073
8074
8075
8075
8076
8077
8077
8078
8082
8082
8083
8083
8086
8086
8087
8087
8087
8088
8088
8090
8092
8093
8096
8097
8098
8099
8101
8101
8103
8104
8105
8109
8109
8113
8113
8113
8114
8115
8116
8117
8120
8121
8122
8122
8123
8125
8125
8125
8125
8126
8127
8127
8128
8129
8130
8130
8134
8134
8139
8140
8140
8141
8142
8145
8146
8147
8147
8147
8149
8150
8151
8151
8153
8154
8156
8157
8158
8162
8164
8165
8166
8166
8167
8169
8170
8170
8172
8173
8173
8174
8175
8175
8176
8176
8177
8177
8180
8186
8187
8187
8188
8190
8191
8193
8194
8194
8195
8196
8196
8196
8196
8198
8199
8199
8199
8199
8201
8201
8201
8202
8202
8202
8202
8202
8203
8205
8207
8209
8212
8215
8215
8215
8217
8221
8221
8221
8222
8223
8223
8224
8225
8231
8232
8232
8233
8235
8237
8238
8238
8239
8239
8240
8242
8242
8243
8243
8243
8244
8244
8244
8245
8245
8246
8247
8247
8249
8250
8251
8251
8253
8253
8254
8255
8256
8256
8257
8257
8260
8260
8261
8262
8262
8263
8266
8266
8268
8269
8271
8275
8277
8279
8280
8280
8280
8281
8281
8281
8283
8283
8284
8287
8288
8288
8290
8290
8292
8293
8295
8296
8296
8297
8301
8302
8303
8306
8307
8309
8311
8311
8311
8312
8312
8312
8313
8313
8314
8315
8315
8315
8316
8317
8317
8317
8318
8318
8318
8319
8319
8321
8323
8323
8324
8324
8325
8326
8326
8327
8327
8327
8328
8328
8331
8333
8333
8333
8335
8335
8338
8339
8339
8340
8341
8341
8343
8344
8344
8345
8347
8348
8349
8349
8349
8350
8351
8351
8352
8352
8353
8354
8354
8356
8357
8358
8359
8359
8360
8360
8360
8361
8362
8363
8363
8365
8366
8367
8367
8367
8369
8370
8370
8370
8371
8371
8374
8376
8378
8378
8379
8379
8380
8380
8380
8380
8381
8382
8384
8387
8387
8388
8388
8389
8390
8393
8393
8394
8395
8396
8396
8398
8398
8398
8398
8400
8406
8409
8410
8410
8411
8411
8414
8415
8416
8417
8418
8419
8420
8420
8420
8421
8422
8423
8424
8425
8427
8427
8428
8428
8428
8428
8428
8429
8431
8432
8432
8433
8435
8436
8437
8437
8438
8438
8438
8439
8440
8443
8443
8444
8444
8446
8446
8448
8448
8449
8449
8449
8450
8450
8450
8451
8451
8452
8452
8454
8456
8457
8458
8458
8459
8461
8461
8462
8463
8463
8463
8465
8468
8468
8472
8472
8474
8475
8477
8478
8479
8480
8481
8482
8482
8484
8484
8485
8486
8487
8488
8489
8489
8492
8492
8493
8495
8495
8495
8495
8500
8500
8502
8502
8503
8505
8505
8506
8510
8511
8512
8514
8514
8515
8517
8519
8521
8522
8523
8523
8523
8526
8529
8533
8533
8537
8538
8539
8540
8542
8543
8543
8543
8545
8545
8546
8546
8547
8552
8552
8552
8552
8553
8553
8555
8556
8556
8557
8557
8558
8558
8558
8559
8559
8560
8561
8561
8562
8564
8566
8566
8567
8569
8570
8573
8573
8574
8575
8576
8576
8578
8578
8579
8579
8581
8582
8582
8583
8583
8586
8589
8589
8591
8592
8592
8592
8594
8594
8595
8595
8596
8598
8598
8598
8603
8603
8604
8604
8604
8604
8605
8605
8606
8608
8609
8610
8612
8613
8616
8619
8619
8619
8620
8622
8622
8625
8626
8628
8629
8630
8630
8630
8630
8633
8633
8634
8635
8635
8636
8637
8637
8637
8638
8638
8640
8642
8642
8643
8644
8644
8646
8646
8646
8647
8648
8649
8649
8651
8652
8653
8654
8654
8655
8656
8656
8657
8657
8658
8658
8661
8661
8664
8666
8669
8669
8669
8670
8671
8671
8672
8676
8681
8682
8683
8683
8683
8684
8687
8687
8687
8689
8690
8691
8691
8693
8695
8696
8696
8699
8703
8703
8703
8705
8706
8708
8711
8715
8716
8716
8717
8719
8720
8721
8721
8723
8723
8724
8725
8727
8727
8728
8728
8730
8731
8732
8733
8735
8736
8736
8737
8738
8740
8742
8742
8743
8743
8745
8745
8745
8745
8746
8746
8749
8750
8751
8752
8753
8755
8756
8756
8756
8756
8756
8757
8758
8759
8759
8760
8760
8760
8760
8760
8763
8763
8764
8764
8764
8767
8767
8767
8767
8767
8768
8769
8769
8770
8771
8772
8773
8776
8776
8777
8778
8778
8779
8780
8780
8781
8783
8784
8784
8785
8785
8788
8788
8788
8793
8794
8794
8794
8794
8795
8795
8797
8800
8800
8800
8803
8803
8803
8805
8805
8807
8809
8809
8811
8811
8814
8815
8816
8816
8816
8816
8817
8817
8817
8817
8819
8819
8820
8820
8824
8827
8827
8828
8828
8829
8830
8830
8831
8831
8832
8832
8832
8834
8841
8842
8844
8844
8847
8849
8849
8849
8851
8853
8853
8855
8855
8855
8856
8857
8858
8859
8859
8863
8864
8865
8865
8867
8868
8869
8871
8872
8875
8875
8875
8876
8876
8877
8877
8879
8880
8881
8882
8886
8890
8892
8894
8895
8895
8897
8897
8897
8898
8898
8901
8902
8902
8904
8907
8907
8908
8908
8908
8910
8910
8911
8913
8914
8915
8915
8915
8916
8917
8918
8919
8919
8920
8921
8921
8921
8922
8922
8924
8926
8926
8926
8927
8928
8928
8929
8933
8933
8935
8938
8939
8940
8940
8941
8941
8945
8948
8948
8949
8950
8955
8955
8956
8957
8957
8958
8959
8959
8959
8961
8964
8965
8966
8966
8967
8967
8967
8968
8968
8971
8973
8975
8976
8978
8979
8980
8981
8981
8981
8982
8985
8987
8990
8991
8993
8994
8994
8995
8995
8995
8996
8997
8999
8999
8999
9002
9003
9003
9004
9005
9005
9006
9006
9007
9009
9009
9011
9011
9011
9012
9012
9012
9012
9014
9015
9017
9017
9017
9019
9019
9020
9020
9021
9022
9022
9024
9025
9026
9026
9027
9027
9029
9029
9030
9034
9034
9035
9037
9041
9042
9043
9044
9045
9045
9047
9048
9049
9050
9050
9050
9051
9053
9053
9057
9058
9059
9060
9064
9064
9064
9065
9066
9068
9069
9069
9070
9071
9071
9071
9074
9074
9074
9075
9076
9076
9077
9079
9080
9080
9083
9085
9085
9086
9086
9087
9087
9087
9088
9088
9090
9092
9094
9096
9098
9098
9099
9100
9103
9103
9105
9107
9107
9107
9108
9108
9109
9111
9112
9113
9113
9114
9114
9116
9116
9117
9117
9118
9118
9119
9120
9121
9121
9123
9124
9126
9126
9127
9127
9129
9129
9131
9131
9132
9133
9133
9134
9135
9135
9136
9137
9138
9138
9139
9139
9140
9140
9140
9140
9141
9142
9142
9143
9143
9144
9145
9146
9146
9146
9148
9150
9151
9152
9152
9153
9153
9153
9153
9153
9156
9156
9158
9159
9160
9163
9164
9164
9165
9167
9168
9169
9169
9171
9171
9173
9173
9174
9176
9178
9180
9182
9182
9183
9185
9186
9187
9189
9190
9192
9194
9194
9196
9197
9198
9199
9199
9200
9202
9202
9202
9202
9205
9205
9206
9206
9208
9208
9210
9211
9211
9213
9213
9213
9213
9214
9215
9216
9216
9217
9218
9218
9218
9220
9221
9221
9221
9223
9223
9224
9225
9226
9226
9228
9229
9230
9232
9234
9236
9236
9236
9238
9239
9240
9240
9243
9243
9243
9244
9244
9245
9246
9247
9248
9250
9250
9254
9254
9256
9256
9257
9258
9260
9260
9260
9260
9261
9261
9262
9262
9263
9264
9264
9265
9265
9266
9267
9267
9267
9267
9269
9270
9270
9271
9271
9273
9273
9273
9274
9274
9274
9275
9276
9276
9276
9279
9279
9279
9280
9282
9282
9283
9284
9284
9286
9286
9289
9289
9290
9290
9290
9290
9291
9293
9294
9296
9297
9299
9300
9300
9301
9302
9302
9302
9302
9302
9305
9306
9308
9309
9311
9313
9315
9316
9316
9316
9317
9317
9319
9321
9323
9323
9326
9326
9327
9327
9328
9328
9328
9328
9329
9330
9332
9336
9337
9337
9340
9340
9342
9346
9347
9350
9351
9352
9354
9355
9355
9356
9358
9358
9360
9363
9363
9363
9364
9365
9367
9367
9369
9372
9374
9374
9377
9379
9380
9381
9381
9383
9384
9384
9384
9385
9385
9386
9386
9386
9386
9387
9387
9388
9389
9389
9389
9389
9389
9394
9397
9397
9398
9400
9400
9403
9404
9404
9405
9406
9408
9411
9412
9413
9414
9414
9416
9416
9418
9418
9418
9420
9422
9422
9425
9426
9428
9432
9434
9435
9436
9436
9436
9436
9437
9439
9439
9440
9440
9440
9442
9442
9442
9443
9443
9445
9445
9446
9446
9446
9446
9447
9447
9448
9449
9449
9449
9450
9451
9451
9452
9452
9455
9455
9455
9455
9456
9456
9457
9458
9458
9458
9459
9461
9461
9462
9465
9465
9466
9469
9472
9474
9474
9475
9475
9478
9478
9479
9479
9480
9480
9480
9480
9483
9483
9486
9488
9488
9489
9494
9494
9495
9495
9495
9496
9496
9502
9502
9502
9503
9504
9505
9505
9506
9507
9507
9507
9507
9508
9512
9513
9515
9515
9516
9517
9518
9518
9519
9519
9520
9521
9525
9527
9527
9528
9529
9529
9530
9530
9530
9533
9533
9534
9534
9534
9536
9536
9537
9538
9538
9538
9538
9538
9540
9540
9540
9540
9542
9542
9544
9545
9548
9548
9548
9548
9549
9550
9551
9551
9552
9556
9556
9557
9557
9558
9562
9562
9562
9563
9564
9565
9566
9566
9566
9566
9567
9568
9569
9569
9570
9571
9573
9574
9578
9579
9579
9580
9580
9580
9580
9581
9584
9588
9589
9589
9590
9590
9592
9592
9595
9595
9596
9597
9598
9600
9603
9604
9605
9605
9605
9605
9608
9609
9611
9612
9612
9613
9613
9615
9615
9616
9617
9619
9619
9619
9619
9620
9623
9626
9628
9631
9634
9634
9635
9636
9638
9638
9641
9644
9644
9644
9645
9646
9647
9647
9649
9650
9650
9650
9651
9651
9652
9653
9655
9656
9656
9657
9659
9660
9661
9661
9661
9661
9667
9668
9668
9668
9670
9670
9673
9674
9675
9676
9676
9677
9677
9677
9677
9678
9678
9680
9680
9681
9682
9683
9683
9684
9686
9689
9689
9692
9692
9693
9693
9693
9694
9694
9694
9694
9695
9696
9697
9699
9699
9699
9700
9702
9704
9704
9705
9706
9706
9706
9707
9707
9707
9709
9709
9709
9710
9711
9712
9712
9712
9713
9715
9717
9719
9720
9720
9721
9721
9722
9726
9728
9729
9730
9733
9734
9735
9735
9736
9736
9737
9737
9739
9739
9740
9741
9742
9747
9747
9747
9748
9750
9753
9753
9754
9757
9758
9761
9761
9762
9762
9763
9763
9767
9768
9769
9771
9771
9773
9773
9774
9775
9775
9777
9777
9777
9777
9777
9779
9780
9780
9781
9784
9785
9785
9786
9787
9787
9787
9788
9788
9791
9791
9791
9792
9793
9796
9797
9797
9798
9798
9799
9801
9801
9805
9806
9806
9807
9809
9811
9813
9813
9813
9814
9814
9817
9819
9820
9821
9822
9824
9826
9827
9828
9828
9828
9831
9834
9834
9836
9837
9837
9838
9839
9839
9841
9843
9844
9848
9852
9853
9856
9857
9859
9860
9861
9863
9863
9864
9865
9870
9871
9872
9873
9874
9878
9878
9880
9884
9885
9887
9887
9890
9891
9891
9891
9893
9895
9895
9896
9896
9897
9897
9900
9901
9903
9904
9905
9906
9909
9909
9909
9909
9910
9910
9912
9913
9914
9915
9916
9916
9917
9918
9919
9920
9920
9921
9922
9923
9923
9923
9925
9926
9927
9927
9930
9931
9932
9932
9934
9934
9936
9936
9937
9938
9941
9942
9946
9948
9950
9956
9958
9958
9961
9962
9964
9965
9966
9966
9967
9967
9967
9967
9968
9969
9969
9970
9970
9970
9971
9973
9975
9975
9976
9976
9977
9978
9982
9983
9985
9986
9986
9987
9988
9990
9991
9991
9992
9994
9995
9995
9997
9997
9997
9998
